0.057022095 -0.5104828 -0.90449524 0.15408385 -0.035465315 -0.075819395
0.033493042 -0.4749756 -0.8364868 0.16392848 0.06560777 -0.06130224
0.033493042 -0.4749756 -0.8364868 0.16392848 0.06560777 -0.06130224
0.03727722 -0.49243164 -0.8279724 -0.0028383972 0.061243385 -0.07325238
0.052520752 -0.4910736 -0.8735962 -0.18878137 0.007250989 -0.05838874
0.043273926 -0.4605255 -0.9187927 -0.2472492 0.015244999 -0.06023218
0.024429321 -0.44570923 -0.9602356 -0.20596887 0.091394626 0.014055099
0.014144897 -0.42640686 -0.9790802 -0.06897614 0.03090918 -0.026000442
0.022949219 -0.42088318 -0.97569275 -0.057953313 0.034566235 -0.046038065
0.012680054 -0.43658447 -0.981781 -0.04235891 0.09373874 -0.07661915
0.0231781 -0.4313507 -0.97288513 0.04701225 0.16111459 -0.09966108
0.064834595 -0.45295715 -0.95191956 0.09113417 0.16754879 -0.1017767
0.08491516 -0.46531677 -0.92726135 0.109989084 0.106532305 -0.06142581
0.07080078 -0.46655273 -0.9123688 0.0719943 0.13227628 -0.0068320734
0.0493927 -0.45721436 -0.94255066 0.062634885 0.15877767 0.046810914
0.01826477 -0.42668152 -0.88900757 -0.038626224 0.07382016 0.07483296
0.00894165 -0.426651 -0.9096527 -0.13370453 0.066015765 -0.020197947
0.023635864 -0.45063782 -0.9208832 -0.23848101 0.14492044 -0.06518966
0.06274414 -0.45939636 -0.9356079 -0.28053445 0.20105028 -0.06906482
0.06274414 -0.45939636 -0.9356079 -0.28053445 0.20105028 -0.06906482
0.119262695 -0.43717957 -1.0414429 -0.26028377 0.3717533 0.013711818
0.15162659 -0.43063354 -1.0952301 -0.24602681 0.29198152 0.05087064
-0.063430786 -0.3831787 -0.815155 -0.43656614 -0.3813479 0.16222513
-0.063430786 -0.3831787 -0.815155 -1.1274636 -1.0154436 0.3723219
-0.16854858 -0.31037903 -0.8631134 -1.4407341 -0.8142999 0.41387415
-0.24986267 -0.19767761 -1.0523071 -1.5667233 0.0034796863 0.27088717
-0.18995667 -0.19180298 -1.1308746 -1.275831 0.40327263 -0.11829602
0.016540527 -0.28344727 -1.2310944 -1.1640704 0.39394358 -0.24456501
0.068878174 -0.2652893 -1.2134552 -0.97823817 0.11898098 -0.26680666
0.11402893 -0.29364014 -1.1793213 -0.7558373 -0.10945379 -0.28261626
0.09005737 -0.26393127 -1.1351624 -0.67324793 -0.3371735 -0.28193715
-0.038146973 -0.200943 -1.1726074 -0.69023275 -0.7718898 -0.4630638
-0.10159302 -0.1874237 -1.2087402 -0.5481249 -0.4784473 -0.5976743
-0.006134033 -0.19136047 -1.169693 -0.5530888 -0.4916022 -0.57974887
-0.05432129 -0.18595886 -1.2587433 -0.5772761 -0.56748074 -0.5264816
-0.04673767 -0.1410675 -1.53685 -0.14463788 -0.4900797 -0.461859
-0.063568115 -0.06639099 -1.6833649 0.33291963 -0.31644052 -0.41181445
0.0110321045 -0.13191223 -1.3516235 2.7699804 0.567954 -0.19217877
0.0110321045 -0.13191223 -1.3516235 2.7699804 0.567954 -0.19217877
0.06655884 -0.24391174 -0.85899353 2.926925 1.2479666 0.08890431
0.13456726 -0.410614 -0.6004791 2.7186556 1.2290382 0.06746186
0.09567261 -0.41940308 -0.54071045 2.3291707 1.5230813 0.2916726
-0.07170105 -0.3399353 -0.5410156 2.1240604 2.3086452 0.34097677
-0.046081543 -0.33398438 -0.790329 2.102833 2.8706205 0.24190904
0.23361206 -0.40231323 -0.89476013 2.4355412 3.4150214 0.16981806
0.5086975 -0.4658966 -0.83125305 2.8296654 2.7973485 0.5492799
0.503067 -0.46147156 -0.88983154 3.0970595 2.765396 0.9309245
0.53697205 -0.50115967 -0.82670593 3.7860537 2.6816454 1.6806011
0.4610443 -0.5604248 -0.6437683 3.8861134 1.5563718 2.2390845
0.45167542 -0.53260803 -0.26571655 3.3842056 0.2419133 2.3185265
0.29833984 -0.7461548 -0.29052734 1.758074 -2.436694 2.326836
0.15739441 -1.0235138 -0.7756195 1.105323 -3.0802028 2.0832424
0.161026 -1.0114594 -1.0243835 1.6121176 -2.5066488 1.8492274
0.21006775 -0.99757385 -1.0485992 3.1772237 -1.0362448 1.4441254
0.24282837 -1.0380859 -0.95329285 3.7629526 -0.5594814 1.5431136
0.08564758 -1.0763245 -0.96928406 3.508111 -1.3362317 1.6147598
0.13258362 -1.1849213 -0.85328674 3.2908988 -1.799777 1.4360588
0.20277405 -1.1416779 -0.7420807 3.080301 -1.8744707 1.3579371
-0.04724121 -0.89064026 -0.7159424 3.111914 -1.757861 1.4997346
-0.1807251 -0.63305664 -0.5940552 3.212181 -1.4079275 1.5004559
-0.1807251 -0.63305664 -0.5940552 3.212181 -1.4079275 1.5004559
-0.12762451 -0.55166626 -0.88635254 3.4234328 -1.3833138 0.7927104
0.067596436 -0.6930084 -0.58309937 3.7492986 -1.8549117 0.5161683
0.21226501 -0.41838074 -0.38703918 4.5480857 -2.2743912 0.791177
-0.14865112 0.34898376 3.348175 -1.3938743 -0.67239356 0.25561926
0.074645996 0.45195007 2.8266754 -3.4230754 1.1165577 0.29109684
0.38426208 0.5626221 2.3746185 -4.3238225 1.6633481 0.45854574
0.59143066 0.79548645 2.165329 -6.7753196 1.5872842 1.1305455
0.62420654 1.4168243 2.147583 -9.761917 1.4181975 2.1962998
0.6608429 1.9421387 1.9711151 -11.011873 2.1964543 2.6320639
0.7494507 2.9080658 1.447052 -13.675915 3.4808075 2.6701682
0.7961426 5.8134003 0.36782837 -20.021196 1.6647633 1.8252801
1.2872467 6.774475 -2.5397491 -23.368189 1.0616657 1.7088813
0.5929718 5.506439 -7.0817566 -18.120884 3.1815867 2.9274628
-0.10450745 3.2759705 -7.190216 -11.488376 4.46686 3.5509682
-0.10450745 3.2759705 -7.190216 -11.488376 4.46686 3.5509682
-0.48397827 2.7574158 -4.925232 2.0087183 5.091209 3.7369928
-0.89338684 1.577774 -0.9605255 2.2165809 0.86842144 1.8980714
-0.7193451 0.49032593 -0.12713623 -0.40632755 -0.15877633 0.7300819
-0.25967407 0.3629303 -1.9037628 -4.7702613 0.7605256 -0.5919818
0.2922516 0.16642761 -3.2720795 -4.6616397 1.2277255 -0.7174822
0.6582794 -0.018829346 -2.7162628 -3.0463336 1.2583714 -0.29377648
0.55747986 -0.0110321045 -2.1062317 -0.15987861 0.84291524 1.1020392
-0.03703308 0.09376526 -1.6573181 -0.21847402 0.31691006 1.4096831
-0.04510498 0.23513794 -2.222107 -0.78377366 0.09856839 1.1155995
0.28276062 0.45915222 -2.9009094 -1.0452236 -0.41329917 0.73459756
0.51078796 0.88716125 -3.4161377 0.46899012 -0.42363623 1.0804213
0.44400024 1.1640778 -3.5850525 1.3391352 -0.88974243 1.1587992
0.44400024 1.1640778 -3.5850525 1.3391352 -0.88974243 1.1587992
0.5199127 2.3363495 -3.6489258 5.291174 -4.2840605 0.48855025
0.38194275 3.0636292 -3.0309296 6.3883953 -5.2724366 0.14547704
0.018829346 3.8799896 -2.405014 8.043793 -7.0999894 -0.91407144
-0.22055054 4.7457123 -2.0157013 9.377318 -7.7624717 -2.9335763
0.08830261 5.264862 -1.2606049 10.624528 -7.4629927 -4.3353925
1.7492981 4.4645844 0.5536804 14.912787 -3.565973 -7.8370385
1.7492981 4.4645844 0.5536804 14.912787 -3.565973 -7.8370385
2.2075043 3.6848755 0.6137543 15.6790285 -1.9023937 -6.9634514
1.4829102 3.7003021 1.2072449 16.848072 -1.2880824 -4.3258243
0.920105 3.0653229 2.3920288 16.314713 -1.776276 -3.188915
-0.041412354 1.9289856 4.8082886 15.411684 -1.441587 -2.7858794
-0.23408508 1.1492767 5.262558 10.94475 1.1171389 -3.011219
0.8822632 0.38713074 2.8323822 4.2713237 2.3990643 -2.2439559
0.780777 0.27650452 2.0447693 0.7150705 -1.948496 -0.6733944
0.21118164 -0.13278198 3.05307 -0.34571558 -3.2415447 -0.17680433
0.21118164 -0.13278198 3.05307 -1.3148862 -0.21152024 0.27392796
-0.1313324 -0.11103821 2.2314606 -1.2664673 1.491741 0.04692996
0.19198608 -0.7500305 0.9900818 -0.8347638 2.315594 -0.37220925
0.19198608 -0.7500305 0.9900818 -1.6048102 1.0090145 -0.3105536
0.21751404 -0.8921051 0.8939972 -1.6048102 1.0090145 -0.3105536
0.16497803 -0.8766632 0.7055664 -2.2061758 0.095871136 -0.064446636
0.09913635 -0.8347931 0.7659607 -2.8395224 -0.7401311 0.593895
-0.13563538 -0.5666046 0.86039734 -2.6951141 0.18657334 1.0396733
-0.28648376 -0.12971497 0.9628601 -3.083265 1.5204335 1.0466199
-0.26460266 -0.0680542 1.0403595 -4.160434 1.3859583 0.95879954
-0.11488342 0.05239868 1.1217651 -5.175378 0.8757531 1.0161078
0.1559906 0.28666687 1.207428 -7.2281537 0.36528876 1.6190594
0.37982178 0.70970154 1.3979034 -8.7721615 1.205004 2.6055388
0.50897217 1.3158264 1.4373779 -9.538026 1.9542524 2.9870417
0.49472046 1.7502594 1.5959473 -11.564764 2.8403237 3.4741259
0.5538788 2.9009552 1.5891266 -14.573932 3.0347795 3.3099558
0.8531952 4.999069 0.101242065 -17.597103 4.6121173 2.5437944
1.125473 4.7987213 -2.6447601 -16.120428 8.375451 1.5668575
1.5438385 3.3888702 -5.6326447 -13.868382 9.665754 0.32425478
1.4767761 2.5678406 -5.936157 -7.1826253 6.8203354 0.41870165
0.8018341 1.6653748 -3.3146362 -1.2356415 1.9152004 1.4105326
-0.2771454 1.2696533 -1.6529388 -0.31524956 1.5400836 1.6703274
-0.22097778 0.9890442 -2.0581818 -1.9764248 1.8588438 0.36954024
-0.22097778 0.9890442 -2.0581818 -1.9764248 1.8588438 0.36954024
0.7084656 0.7953949 -3.4072723 -3.3781147 0.8404241 -0.48737234
0.73960876 0.8073273 -3.100708 -0.58023274 0.24941756 0.08429012
0.43276978 0.94493103 -2.2302399 1.3137752 -0.58137953 0.81953245
0.43276978 0.94493103 -2.2302399 1.3137752 -0.58137953 0.81953245
0.22050476 1.0521088 -2.074417 1.3633838 -0.7418443 0.68876964
0.09159851 1.2012329 -2.3387756 1.3821617 -1.0062575 0.4371912
0.1751709 1.2666168 -2.292282 2.276787 -1.267299 0.0066112974
0.11331177 1.5549927 -2.2439728 3.2677722 -1.464619 -0.28170866
0.043426514 1.7645874 -2.4738464 3.5765011 -1.7417585 -0.6119555
-0.07527161 2.4264069 -3.3375092 4.902362 -2.7159123 -1.7792087
0.1349945 3.1275177 -3.8158264 8.074778 -3.7883587 -3.0714362
0.6248627 3.8827667 -3.292801 10.129508 -4.3798165 -3.488849
0.901886 4.4361877 -1.6842041 13.919319 -5.608517 -3.9986627
1.0911255 4.5565033 -0.5007019 16.066023 -5.1090937 -4.4248
1.1942902 4.506912 -0.03845215 16.565159 -4.8932176 -4.6290917
1.208313 3.9879303 0.8824005 16.317738 -4.6196184 -4.940042
1.4701385 2.9723816 1.4263 15.48245 -4.861344 -5.043644
1.4701385 2.9723816 1.4263 13.538047 -4.5356364 -4.552565
0.29795837 1.4533691 3.2131805 10.977832 -2.5108786 -3.4528906
0.64782715 0.7184448 2.8445892 8.82468 -1.6542091 -3.4134107
0.7969971 0.67671204 2.3789062 5.256185 -0.15995239 -2.9048235
0.80259705 0.36862183 2.7030792 3.3269567 -1.1701206 -2.2126536
0.80259705 0.36862183 2.7030792 3.3269567 -1.1701206 -2.2126536
0.71473694 -0.06538391 3.213852 2.2680018 -1.43485 -2.0369053
0.84983826 -0.66400146 1.4907684 -0.65677786 2.537297 -0.55930483
0.7941742 -0.7287903 0.81900024 -1.1339647 2.4630687 -0.13948838
0.7941742 -0.7287903 0.81900024 -1.1339647 2.4630687 -0.13948838
0.76527405 -0.67303467 0.70503235 -2.168587 0.9824015 0.74697596
0.63960266 -0.43888855 1.0706177 -3.0464177 -0.24835655 1.7228279
0.63194275 -0.108306885 1.8066711 -3.6060956 -0.33794343 2.3145027
0.6065979 0.3799591 2.0737 -5.3210216 0.75976574 3.7507763
0.598938 1.2294159 1.8559418 -7.6805873 2.132212 4.7252164
0.75064087 1.8734436 1.6719971 -10.2792225 2.266426 4.953933
0.82133484 2.0735931 1.4585266 -11.3652725 2.4427347 4.998844
0.9437866 2.6426544 1.2294464 -12.724773 3.213015 5.1200194
1.2339172 3.3369598 1.0543976 -13.467835 3.80618 5.1757803
1.4476318 4.5502777 0.8417816 -15.661183 4.2995954 5.421785
1.4199524 5.539749 -0.21122742 -17.77057 4.9783716 5.483002
1.1527252 5.7843933 -3.320694 -17.788176 6.5209575 5.4274592
0.7502899 5.206131 -5.282486 -14.231618 8.91177 4.354984
0.5150299 3.6290436 -6.487381 -6.24481 5.776357 3.0555048
-0.6579437 1.7572327 -2.4692688 -0.19081736 1.5847286 1.5501326
-0.44108582 1.1446228 -2.402649 -1.7535124 0.182993 -0.37030002
0.07582092 0.86402893 -2.635971 -2.3493297 -0.2911474 -0.9708298
0.26712036 0.76719666 -2.6338806 -1.3647902 -0.10987244 -1.0051001
0.41088867 0.505188 -2.0303802 0.6963061 0.31066254 -0.11490155
0.02420044 0.5649414 -1.7337494 0.9823456 0.36345306 0.2592558
0.19563293 0.63664246 -1.8760986 0.8012525 -0.0743962 -0.1048894
0.29248047 0.70388794 -1.8759766 1.0337307 -0.25375584 -0.099209405
0.33729553 0.8365631 -1.6882324 1.7851483 -0.51785433 0.16511385
0.058685303 1.1823425 -1.8829346 2.3180711 -0.53445727 0.26320368
-0.15811157 1.4666595 -2.3908844 2.53979 -0.6522239 0.015052719
-0.13938904 1.8317261 -3.0543518 3.3850887 -1.1853013 -0.88578683
0.035873413 2.5254211 -3.579544 5.185719 -2.1476064 -1.9855272
0.035873413 2.5254211 -3.579544 5.185719 -2.1476064 -1.9855272
0.27252197 2.870987 -3.87529 6.3786793 -2.6802306 -2.4645932
0.638031 3.7304382 -3.7247772 10.104707 -4.1409683 -2.7637084
0.82421875 4.9023285 -0.70936584 15.607007 -5.69324 -3.502355
1.0067902 4.4703064 0.5703583 16.919876 -4.968224 -4.628059
1.6026306 3.3172607 1.3439484 16.230005 -3.593419 -5.099976
1.6026306 3.3172607 1.3439484 16.230005 -3.593419 -5.099976
1.1598663 2.1351776 1.6116943 13.082608 -1.9257406 -1.914481
0.20069885 1.6680756 2.1812744 11.050547 -1.6464477 -1.1365101
-0.06781006 1.0951385 3.010025 9.412387 -1.7966822 -1.4210929
0.41633606 0.48860168 2.5718079 5.0419426 -2.1687994 -2.1644616
0.528183 0.44207764 2.265625 2.5922353 -2.029816 -1.8508093
0.45851135 0.08842468 2.5357056 2.2688894 -1.820537 -1.6254671
0.5098572 -0.4106598 3.1261902 1.2579497 -0.50433934 -1.369819
0.61860657 -0.8206024 1.0543976 -1.5738504 1.5318636 -0.45084095
0.33631897 -0.8909607 0.5206146 -2.3268776 0.9370945 0.20858596
0.13821411 -0.8835602 0.32144165 -2.6452057 0.4533872 0.55679375
0.1665802 -0.857605 0.29611206 -2.8160844 0.2634841 0.65717095
0.1665802 -0.857605 0.29611206 -2.8160844 0.2634841 0.65717095
0.42378235 -0.53819275 0.95480347 -3.8780546 -1.260002 2.0916967
0.23332214 -0.17062378 1.3052368 -4.350251 -1.3197814 2.5678864
-0.085617065 0.31428528 1.178482 -5.54192 -0.8925235 3.2378979
-0.085617065 0.31428528 1.178482 -6.5572886 -0.19601426 3.1204987
-0.18878174 0.5661316 0.89364624 -6.5572886 -0.19601426 3.1204987
-0.22035217 0.6596527 0.7357483 -6.89413 0.25248018 2.963269
-0.2863617 0.70518494 0.5242462 -7.740071 1.9847178 2.4059682
-0.2863617 0.70518494 0.5242462 -7.740071 1.9847178 2.4059682
-0.35235596 0.94688416 0.5150757 -8.289499 2.147702 2.2339346
-0.42478943 1.3087463 0.39118958 -10.071708 2.359213 1.5501637
-0.8286896 2.0904236 -0.3919525 -12.181829 3.6227431 0.72393376
-1.0386505 2.58313 -1.3856659 -12.679647 5.4240036 -0.081930816
-0.25611877 2.4414368 -4.0016937 -9.663132 9.887688 -3.4208815
1.0274658 1.3190918 -4.8652954 -1.9589769 9.955003 -5.611086
1.463501 0.2370758 -2.862442 1.1912436 7.591031 -5.395094
0.9644623 0.1186676 -1.1839752 3.2541835 3.994349 -3.9265711
1.176239 0.052246094 -0.81918335 1.6724102 3.980765 -3.6011908
2.0007935 -0.47850037 -1.1992645 0.6267739 4.3644814 -3.1756074
1.9399567 -0.5858002 -1.4593811 0.82540977 5.823886 -1.6891747
1.363678 -0.3639679 -0.9148102 2.4448562 8.101014 -0.25820866
0.8304596 -0.1659851 -0.13168335 3.0575452 9.151657 0.012043879
1.1362 -0.36968994 0.24674988 2.8123415 8.828642 -0.7254624
1.4001312 -0.41844177 0.33509827 -0.3385248 3.3810737 -1.5897617
1.4001312 -0.41844177 0.33509827 -0.3385248 3.3810737 -1.5897617
1.0894928 -0.23846436 0.46025085 -2.7181458 -0.6867206 -0.7109924
0.6943207 0.0211792 0.46322632 -2.233228 2.186214 0.102232896
0.5705414 0.30311584 0.32081604 -2.0658207 3.9601061 0.1697355
0.5705414 0.30311584 0.32081604 -2.0658207 3.9601061 0.1697355
1.2239838 0.29641724 0.07574463 -4.2586036 4.755542 -1.81316
1.2239838 0.29641724 0.07574463 -4.2586036 4.755542 -1.81316
1.5351257 0.09236145 0.06526184 -6.22447 0.5989255 -2.4190757
0.92404175 0.46566772 -0.47177124 -4.795419 -0.88005465 -1.8832573
0.99549866 0.18077087 0.10229492 -3.4603863 -0.8759459 -1.4495975
0.51678467 0.515213 0.19470215 -2.9719381 0.93141395 -0.10825776
0.4549713 0.5123596 0.15126038 -4.06716 1.3052763 -1.1646811
1.69841 0.15361023 0.009353638 -3.5719047 1.5113552 -1.4218934
1.9281464 -0.18833923 0.40037537 -2.1310265 2.4945061 0.45539868
2.04924 -0.44125366 0.7891998 -1.8968029 2.955442 1.4565963
2.1875153 0.012008667 1.0066223 -2.9937034 2.5846927 2.7337484
1.9225006 0.44555664 0.2424469 -5.9745464 -0.82896084 2.8836863
1.9225006 0.44555664 0.2424469 -6.154607 -3.6187882 2.448874
1.4057617 0.48442078 0.3093872 -6.154607 -3.6187882 2.448874
1.5093842 0.22254944 0.40916443 -6.539511 -6.617677 2.0060055
1.1772766 0.22383118 0.7841797 -6.813601 -8.206165 2.2003984
1.186615 0.7428131 1.1474609 -6.730788 -9.422128 3.6737428
0.22886658 2.2407684 0.102371216 -6.3792977 -5.967538 5.6854606
-0.27790833 2.1265259 -0.9237213 -6.2372212 -3.972981 5.5252233
-0.94873047 2.0137482 -1.892746 -4.4606776 -3.4100945 2.9568832
-1.1177368 1.9016113 -1.946701 -2.1055102 -3.3622668 -0.16927105
-1.1233826 2.3431854 -2.662033 -1.1918626 -2.7187045 -1.3592287
-0.93530273 2.9465485 -3.176056 2.408643 -0.72173744 -3.5546074
-0.45367432 3.6007843 -2.3613586 7.6352315 0.64389455 -5.891808
-0.22569275 3.967163 -1.7213135 9.752324 0.53746104 -7.300253
2.1510468 4.557068 -0.09024048 11.488758 -1.7741212 -12.282475
3.577011 3.2469635 0.6691437 11.72481 -2.2279782 -12.466948
3.2185974 2.1782532 1.2239227 11.721919 -1.9216998 -9.886057
2.448227 1.7529297 1.3367615 9.236451 0.9642419 -5.834023
2.7265015 1.5825043 1.3308411 8.950533 1.3551661 -5.4846907
2.754776 1.2886047 1.3245544 8.599653 1.6503628 -4.065072
2.4522095 0.9001465 1.767334 7.3171306 0.6543235 -3.3181267
2.283142 0.4789276 1.7728271 5.940894 -0.11595803 -3.0815737
2.2742767 0.10734558 1.3800049 3.4542363 -0.59680694 -2.3555193
1.9807587 0.134552 1.2021637 2.2742503 -0.10614401 -0.85497963
1.8917847 0.19038391 1.1620178 1.6124357 -0.08450929 -0.26174933
1.9008942 -0.05369568 1.2547913 -0.07095913 -0.27890512 0.69058776
1.8929443 -0.08337402 1.4333191 -1.9588301 0.046275087 2.1460288
1.7102661 0.22608948 1.6769257 -2.9046257 0.5613723 2.8446417
1.6349487 0.60147095 1.7183685 -4.8827324 2.1697536 3.6570241
1.8822174 0.84091187 1.561264 -6.885248 3.998452 4.182693
2.1181183 1.1062012 1.3154144 -7.886742 4.791044 4.5884275
2.302765 1.5221863 0.46261597 -9.951072 4.1164174 5.46601
1.7410736 1.8197937 0.30526733 -10.848986 0.0018996329 5.8074307
1.9067535 1.8903198 0.7798004 -10.427454 -0.25159815 6.341248
2.2980804 2.6979828 0.5828552 -10.650997 0.42042178 7.008574
2.5021667 2.9944 0.012741089 -12.270523 2.1827486 8.548758
2.1431885 3.5525208 -1.0911865 -12.945866 1.1968797 9.668759
-0.4650879 2.9374542 -2.485855 -9.325068 -3.0036495 7.174227
-0.45085144 2.1662903 -2.0230408 -4.8365445 -1.8024365 4.585189
-0.61994934 1.9512787 -2.472351 -2.520757 0.3925667 3.8459392
-0.7456207 1.6727295 -2.331421 -1.6750088 0.34207398 3.095604
-0.79782104 1.5406342 -2.2611542 -0.20625703 -0.07949936 1.4049808
-0.7211609 1.1878204 -2.011322 2.318819 0.3158368 -1.2136883
-0.18774414 1.0529633 -1.5038452 4.3842897 1.5074182 -2.611576
0.4135437 0.869751 -1.287857 5.8957195 2.639025 -3.1033545
0.77453613 0.61257935 -0.58239746 6.3678145 2.3369687 -3.2677066
1.0986938 0.4582367 -1.0100403 6.378038 -0.17285913 -3.937902
1.2590485 0.34614563 -0.42622375 7.01528 -0.49244803 -4.206663
1.1940155 0.25730896 0.7236023 7.578718 -0.81314456 -4.484289
1.3274689 0.20462036 1.2084198 6.6789675 0.052390236 -4.667894
1.8687744 -0.1605072 1.0717773 5.505291 -0.019993149 -4.7884912
1.0476837 -0.35694885 0.5229187 1.675077 -2.3503003 -3.861169
1.2956085 -0.3343811 0.17095947 1.5496804 -1.920333 -4.1849194
2.3728027 -0.4985199 -0.5044861 2.0006838 -0.92070884 -4.462406
3.2585602 -0.72883606 -0.47929382 3.1677542 -1.7323269 -3.4694922
4.463089 0.9733887 -1.484787 0.8517814 3.1899855 10.809522
3.3919373 2.13591 -1.3299713 0.58297634 1.3965689 14.270239
2.4656525 2.497345 -0.45152283 1.1318346 -2.6208906 15.106884
1.4838104 3.2286682 -0.15286255 2.9454982 -3.1236205 16.573212
0.035186768 3.8691711 0.11694336 4.5336833 -2.5632043 15.529934
-1.1577301 3.1313019 0.3377533 4.809956 -2.3762763 13.79654
-1.9765472 2.5858612 0.62927246 4.23963 -2.4176826 10.460868
-2.960312 2.252655 0.66885376 3.518349 -0.95907646 7.3018064
-3.0351715 1.8462067 0.68255615 2.0154088 0.085511975 1.4370474
-2.6195374 1.5844879 0.676651 0.716557 -0.89428735 -1.9775183
-2.2236633 1.3148346 0.7303009 0.42978308 -0.8443315 -3.26576
-2.3192596 1.2841492 0.921875 0.18338926 0.1335293 -5.316037
-2.145584 1.5880432 1.1925659 -0.44247863 1.4203006 -7.943387
-1.0499573 2.7819061 1.0862885 -3.9457731 1.5525821 -12.955791
-0.4459076 4.0796204 0.029815674 -6.9745784 -0.6033269 -17.067553
0.78302 4.801651 -1.2387543 -7.8882203 -1.6620666 -18.839687
0.78302 4.801651 -1.2387543 -7.848339 -3.7077587 -21.148457
3.6827393 4.4428864 -1.5137634 -8.821281 -5.8975663 -20.553587
3.9466553 3.3439026 -3.3305817 -9.934888 -5.8001323 -19.090387
3.5789642 1.6852722 -2.613205 -8.05135 -3.841511 -13.655911
3.1103973 1.1147766 -1.095108 -3.9844704 -0.20118025 -5.7576084
2.262558 1.4524231 -1.558258 -3.2016623 4.119686 -1.9396878
1.2023621 1.6740875 -2.8332367 -2.585106 7.355601 1.1405882
1.2006378 0.5157623 -0.24656677 -1.1633269 0.168956 -3.6400092
1.6127014 0.21772766 -0.23588562 -2.67311 -0.057807375 -4.399725
1.713913 0.018585205 -0.968277 -3.113351 0.45462397 -2.1595087
0.9425812 0.4629364 -0.7170868 -2.3807657 0.37580693 -1.2243383
0.79444885 0.82362366 -0.8370819 -1.5401796 0.7083705 -0.9632947
2.4342804 0.47628784 -0.9431915 -1.0039103 -0.05916479 -2.293732
2.694107 0.5083618 -1.0532074 -0.72683126 -0.2714254 -0.69784755
2.694107 0.5083618 -1.0532074 -0.31165376 -0.9361099 1.8700504
2.5925903 0.89974976 -1.6138153 -0.31165376 -0.9361099 1.8700504
2.186264 1.3515778 -1.8173523 0.29794648 -1.4327167 3.4486775
2.9658356 1.9821167 -1.6189423 3.9728916 -3.1036384 5.443386
3.4472046 2.5972595 -1.8571014 5.5544167 -1.4572476 9.036566
3.735138 3.3370667 -2.1017456 6.29034 -0.62327474 11.2094
3.7610168 3.7253265 -1.9831696 7.752517 0.006695453 15.158747
2.9333801 4.5256195 -1.279892 9.304263 0.5380275 17.994831
2.9333801 4.5256195 -1.279892 9.304263 0.5380275 17.994831
0.4462433 3.6166534 0.34436035 7.7373776 -0.13505556 16.342485
0.13084412 2.8901978 0.29508972 6.1763544 0.4487826 14.626529
-0.21861267 2.3473053 0.39263916 5.5107527 0.42716038 13.79782
-0.35327148 2.1905975 0.4769745 4.081109 0.039201465 12.020433
-0.84295654 1.8864594 0.3902893 2.5923188 -0.6741297 9.9661045
-1.231781 1.5941772 0.29832458 2.0089684 -1.1758407 8.807039
-1.5440674 1.342804 0.2298584 1.1669163 -1.8739109 6.728419
-1.776001 1.1587982 0.25595093 1.0849295 -1.5002649 5.021154
-1.9642639 1.1026306 0.19615173 1.2947304 -0.7755261 4.264751
-2.2792206 1.0528259 0.114364624 1.6503854 0.15139858 2.330378
-2.1196747 0.83815 0.20219421 1.7460626 0.2533348 1.1233711
-1.679596 0.5662079 0.39848328 1.6028028 0.032188565 -1.0700177
-1.3533173 0.36610413 0.5914612 1.2147222 -0.003104447 -2.5567467
-1.3574066 0.34991455 0.6122894 0.8736199 0.075124316 -3.126377
-1.4064178 0.40248108 0.74357605 -0.005519934 -0.053015016 -4.4431357
-1.6130066 0.71569824 0.85343933 -1.4257054 -0.09818702 -6.2829576
-1.1253662 2.1820831 0.65405273 -5.048041 -0.021422734 -10.751361
-0.4845581 3.1281586 -0.03387451 -7.4919677 -0.260161 -13.63294
-0.0050964355 3.908966 -1.0273743 -8.613418 -1.0510086 -16.265343
1.1747284 4.0572815 -1.24469 -8.282401 -1.1872833 -17.395826
1.8678894 4.0899506 -1.0458374 -6.4104323 -0.108776815 -18.269217
3.7427979 2.9090881 -1.7985687 -6.756348 -3.0750606 -17.32502
3.2799377 1.7505646 -1.55513 -7.673451 -5.116206 -13.33619
3.1612854 1.2888031 -1.8706207 -6.010354 -0.4883481 -7.4324417
2.653366 1.2021637 -2.7514648 -4.6723347 2.1092708 -4.6100984
2.653366 1.2021637 -2.7514648 -4.6723347 2.1092708 -4.6100984
1.3230591 1.0717163 -1.8447266 0.101971105 4.8428783 0.29508543
1.1158905 0.99731445 -0.9068146 1.4363618 3.8114557 -0.09462771
1.6005402 0.74920654 -1.2475281 0.69137204 2.2915275 -1.5502596
1.9678955 0.54441833 -1.3372955 1.0692557 0.57431734 -2.0378153
1.8984222 0.37202454 -0.96655273 1.734932 0.22512074 -1.6698295
1.8984222 0.37202454 -0.96655273 1.734932 0.22512074 -1.6698295
1.4194336 0.47320557 -0.42092896 2.935277 1.1370558 0.82389706
1.5453033 0.41688538 -0.48194885 2.7723968 1.5892395 1.2119482
1.9382477 0.15403748 -0.5036926 2.7188277 2.1492808 2.2699955
1.7898712 0.22523499 -0.5326233 2.7199986 2.2188046 4.0016494
1.4110107 0.48872375 -0.6997223 3.2862167 3.3183362 4.860382
1.1428223 0.5455017 -0.5137024 4.8115907 3.393991 5.448739
2.232254 -0.35720825 0.6491089 5.2836413 1.5632402 4.5537686
2.0787659 -0.34397888 1.5796509 3.5731049 0.6712125 6.316597
1.1046143 0.3873291 1.8972931 1.7316904 -0.2931677 7.094695
0.66300964 0.45870972 1.574997 -2.4810877 -2.522725 6.5832605
0.8129883 0.33995056 1.3175507 -5.347994 -2.8437614 5.697115
0.855484 0.4003601 0.6842346 -5.944426 -2.0272946 5.8167696
0.9393158 0.42459106 0.2524109 -6.0608253 -0.26772785 6.115741
1.0480194 0.56433105 0.29649353 -6.0692716 0.64064205 6.2750893
0.9975891 0.90841675 0.078552246 -6.946265 0.5600346 6.3306174
0.7996063 1.5374908 -0.9692688 -8.167709 -0.15445562 5.7190886
0.94833374 1.6228333 -1.2875824 -7.558098 0.25102344 6.075759
0.89323425 1.8245087 -2.2019043 -6.5070987 0.9978979 6.6662903
0.21257019 1.8929443 -2.5300598 -3.7278826 0.9607673 7.2075005
-0.33996582 1.6735535 -2.2046356 -1.2363403 0.6251864 6.741349
-1.195755 1.8327942 -1.156311 0.68779254 1.3601214 4.273361
-1.4945679 1.9820404 -1.4015656 0.4103894 1.1877149 2.936693
-1.7542725 2.3159027 -2.110443 0.11489969 0.98585165 -0.440518
-1.6390991 2.6125183 -2.8039703 1.3179233 0.45317653 -4.5484595
-1.0664368 3.133255 -2.943161 2.6021745 0.47381577 -6.4491525
0.6790924 4.6308136 -1.4031372 10.688707 0.992464 -12.3935175
3.3264313 5.576004 -0.4485321 12.131291 0.3950589 -13.555743
6.153778 3.3329926 0.6180725 12.50331 -4.2787647 -14.794085
4.5180206 0.96388245 1.552414 9.02222 -5.969544 -10.059241
2.1252441 1.0970306 0.77101135 7.892211 -3.3473074 -7.15346
2.0032043 1.537857 0.43341064 10.3540535 5.4976525 -3.4593027
2.1014862 1.7576599 0.6166229 11.008175 4.320149 -3.3020363
2.5365143 1.5014954 1.1058655 11.205743 -0.12695315 -3.4682324
2.3721619 1.0742798 1.8430023 9.761173 -3.9192505 -3.4672718
2.3721619 1.0742798 1.8430023 8.402041 -4.718149 -3.4741948
1.8417816 -0.15298462 2.5278015 1.8348181 -2.4821799 -2.7292314
1.5163269 -0.13169861 2.2212067 0.59114504 -0.7834442 -2.0894115
1.3484192 0.42256165 1.1005402 -1.2941674 1.1837666 -1.6422827
2.0175323 0.3840027 2.1315308 -3.2493138 1.5052887 0.30462247
2.1950073 1.0730743 1.5258331 -6.504985 3.7655575 1.923226
2.1950073 1.0730743 1.5258331 -8.791092 3.894243 2.5346074
2.675766 1.148056 0.83987427 -10.009784 2.88202 4.0138865
2.181137 1.8833313 -0.0025634766 -10.504903 1.7601833 4.800815
1.8773041 2.2509918 -0.4512787 -11.530701 -0.45705277 5.966805
1.8088684 2.4474487 -0.62120056 -11.821967 -2.7542849 6.337289
1.3620758 2.6665955 -0.3885498 -11.778057 -3.9814153 6.408969
0.24259949 3.018402 -0.8317108 -11.957882 -7.2144794 6.451662
-1.0033569 1.9897766 -1.480423 -6.720482 -6.4571743 5.895563
-1.3236237 1.8258362 -0.8295746 -4.942773 -3.4502416 5.283638
-1.9239044 1.736084 -1.1338348 -4.1602626 -2.196321 4.5212126
-2.3525238 1.7959137 -1.2356873 -3.4209766 -2.032273 1.1759592
-2.7772522 2.012207 -0.8896942 -3.4209766 -2.032273 1.1759592
-0.9337616 1.6249847 -0.63661194 -3.5727298 -0.69301176 -4.8780093
-0.060958862 1.4539032 -0.87358093 -3.2415397 1.108997 -6.4531045
-0.060958862 1.4539032 -0.87358093 -2.9141295 1.7274961 -6.7521033
0.5280762 1.1913605 -1.2046204 -1.4708554 2.3894997 -6.4997883
0.74290466 1.1184082 -1.2213593 0.18582712 3.3313115 -5.6709747
1.6854401 0.26393127 -1.835968 2.7867362 2.886129 -3.5431669
1.7745209 0.019317627 -2.497055 4.4367423 1.5763328 -1.7973306
1.4106293 0.13085938 -2.5464935 5.444607 0.926481 -1.1418034
1.3722382 0.29074097 -2.295807 7.1514764 0.4181075 -0.3204225
1.3026123 0.33522034 -2.0283356 8.487766 -0.31089157 0.5707719
1.0742798 0.1481781 -2.1259766 8.402701 -0.7440651 0.9305455
0.90179443 0.48310852 -2.9153748 6.530194 -2.175479 1.9869925
0.77944946 0.8901062 -2.6452332 7.098881 -5.0253663 1.901937
0.5348816 1.6853485 -1.9008484 7.493375 -7.0408306 1.4690412
0.250412 2.1685638 -1.1203308 8.128322 -10.596784 -0.19711892
0.25463867 1.7459869 0.8343811 11.912226 -5.993642 -4.6189637
0.17977905 1.0496063 1.7111664 13.340429 0.24714161 -4.6009283
0.25627136 0.38093567 1.6982574 11.155827 2.9577515 -3.8602178
0.02633667 0.51148987 0.9642334 6.9616227 0.62392616 -2.3826175
0.0023040771 0.5332489 0.29275513 4.659705 -2.462481 -2.0047593
0.23446655 0.7919769 0.43411255 2.4938123 -7.7987113 -4.2786717
0.23446655 0.7919769 0.43411255 3.1406724 -7.308018 -4.9698935
0.7132721 0.18215942 2.0280914 1.8389974 -6.4578238 -5.3017216
0.90296936 -0.26794434 1.4138641 0.22615324 -5.6397004 -4.7106056
0.40115356 0.2926178 0.813324 -2.122376 -3.5351136 -3.0692577
-0.014572144 0.7084503 0.5326996 -3.3378499 -2.1609633 -3.1834562
0.03416443 0.7746124 0.55519104 -4.551784 -2.8728547 -4.8897986
0.25331116 0.9250641 0.3907776 -5.81458 -2.5756204 -6.1820245
1.0780945 0.68170166 -0.030136108 -5.9621115 -2.0237105 -6.5143766
1.376236 0.7533417 -0.46565247 -6.079126 -2.3346243 -5.7633533
0.92977905 0.8272705 -0.6560364 -6.9800706 -4.132973 -4.8255486
0.9776459 0.9351349 -0.8542633 -7.521815 -3.3869305 -4.12943
0.9776459 0.9351349 -0.8542633 -7.3513527 -2.7091303 -3.8729606
0.8468628 1.2641754 -1.2769012 -6.250297 -1.8355771 -3.9452825
0.8872528 1.568161 -1.13031 -6.0854554 -1.8179568 -4.1978893
1.6617432 1.8862 -0.34303284 -7.4062552 1.3611747 -4.971929
2.4702454 2.0826569 -0.2366333 -7.6129208 2.5384228 -4.681781
2.8381195 1.9951324 -0.6047821 -8.3539295 3.4092333 -3.3446004
2.1474152 1.6286163 -0.88967896 -8.044228 2.020947 -1.2806039
1.5560608 1.41539 -0.35688782 -7.1207237 1.7433226 -0.4199315
1.1203156 1.1785736 0.7465973 -5.5752788 0.3309947 1.2669579
1.0374298 1.1580658 1.7381439 -6.840778 1.9747324 1.5703119
1.1881104 1.2021027 1.9016724 -7.7513266 3.4746852 1.7357261
1.8056641 1.4223938 1.4774933 -9.462127 5.8253765 2.1504838
2.1807556 1.6029358 0.3152771 -9.462127 5.8253765 2.1504838
2.4025269 0.585495 -0.65971375 -9.630434 3.418451 3.7075837
2.418045 1.0177155 0.38136292 -7.9302554 -0.82172716 5.6109924
2.1772766 1.895462 0.8428192 -7.937916 -5.651342 7.82934
1.0904846 1.467926 0.26835632 -8.126352 -6.454137 8.166357
1.3456879 0.7494049 -0.021011353 -7.706065 -7.1042223 7.569864
0.56918335 0.3076172 0.08496094 -6.096842 -9.470917 7.55687
-0.33348083 0.25964355 -0.53274536 -6.326184 -12.101839 6.6204996
-0.84825134 0.17979431 -0.5794983 -5.759294 -15.055715 4.246466
-0.84825134 0.17979431 -0.5794983 -5.503926 -15.888665 2.6766682
-1.0921631 -0.0026550293 -0.7292175 -4.8974543 -15.949526 -0.47042024
-0.56059265 -0.023162842 -1.5143127 -3.4301143 -14.837769 -3.4809673
-0.19337463 0.034240723 -1.4454803 -2.274793 -13.842183 -4.6371875
0.27053833 0.060028076 -0.9198303 0.49989477 -10.720812 -5.9000983
0.2026062 0.3217926 -0.5966339 2.6736302 -6.6675854 -6.03707
0.12538147 0.5315399 -0.4359131 3.587464 -5.451581 -7.173939
0.77090454 0.26838684 -0.4703369 1.8379513 -5.8899364 -8.304144
0.7624512 0.23472595 -0.5534363 2.3206527 -4.6001315 -8.288861
0.7602997 0.6524658 0.16638184 1.3807547 -3.140058 -8.519277
1.1963348 0.77285767 -0.14900208 0.6598027 -2.5446844 -8.88809
2.42482 0.19416809 0.6014557 0.022349248 -2.0145767 -9.153385
2.242447 0.2584381 0.47132874 -0.9955879 -2.059064 -8.25863
1.584732 0.56085205 0.044815063 -3.4896362 -2.2503335 -6.415469
1.2983704 0.8552704 0.23698425 -4.3081408 -1.5178063 -5.634129
1.3104248 1.1535797 0.7390747 -4.482864 -0.6952302 -5.4838696
1.6556244 1.4863739 0.33363342 -6.7620344 2.8851821 -5.010825
1.9438171 1.3138275 -0.89785767 -6.567847 2.6389947 -4.6631413
1.9122772 0.94462585 -0.7544861 -6.567847 2.6389947 -4.6631413
1.6970978 0.8746948 -0.46292114 -6.061719 -0.08686912 -3.5420258
1.1969604 0.9579468 0.03930664 -6.655161 -2.2020435 -2.3036654
1.7545776 1.0707397 0.41944885 -7.1406617 0.7328929 -1.1637626
2.2047272 1.2799377 -0.08874512 -7.7690415 4.26761 0.16665769
2.4210052 1.0988159 -0.6839447 -8.100768 2.9418721 1.346147
2.361267 0.96170044 -0.82821655 -7.078792 1.6623737 3.0447094
1.5267792 0.7813721 -0.7728119 -6.2525024 0.78230625 3.6621416
1.4941254 0.5459595 -0.14282227 -3.1737082 -1.1357356 4.523103
1.3043823 0.63279724 0.93045044 -3.4892573 -0.9511541 4.4882927
3.4507446 0.18656921 0.6272888 -4.958692 0.17235819 4.932764
3.6683807 0.81347656 0.4857483 -6.0794325 0.20795639 7.2619476
1.2055664 1.1172028 -0.60939026 -7.0419784 -3.308181 9.125359
0.8352814 0.42022705 -0.64305115 -5.399352 -6.6261635 8.135356
0.9305115 0.062438965 -0.96354675 -4.658819 -7.806605 7.4180326
0.4320526 0.17778015 -0.66430664 -3.3078504 -9.708753 6.8670845
-0.764801 0.5944977 -0.22103882 -1.6877201 -11.366587 2.6431425
-1.01828 0.25593567 -0.5666046 0.66709656 -7.1065307 0.061333932
-1.0085907 0.14840698 -0.5228882 2.7405612 -3.5428274 -0.7058365
-0.6145172 -3.6621094E-4 -0.31588745 6.272477 2.4902782 -1.2719755
-0.40937805 0.07948303 -0.011642456 7.1244974 2.6543152 -1.4438741
0.013580322 0.06915283 0.4349823 6.3144846 0.9889329 -1.6512285
-0.27330017 0.07020569 -0.012054443 3.773235 -3.0641332 -2.0400314
-0.27330017 0.07020569 -0.012054443 3.269824 -5.319043 -2.9982874
-0.6612854 0.34327698 -0.010421753 3.6467593 -5.3624973 -3.8235524
-0.61105347 0.6371918 0.011657715 4.6870465 -4.668124 -5.813359
0.3670807 0.8148346 0.5323944 3.736867 -3.7848847 -8.660493
1.2581024 0.5436249 0.25030518 3.6499863 -4.257499 -9.085647
1.4154053 0.39056396 0.7200165 0.956714 -6.133407 -7.9078817
1.0627441 0.82014465 0.18624878 -0.9744171 -6.3121486 -7.290675
0.91290283 1.1806335 0.068878174 -2.732042 -5.240074 -7.312429
2.465042 0.5505829 0.8622589 -1.8803422 -1.9661852 -8.696346
2.9606323 0.3073883 0.68756104 -2.7264986 -1.2937016 -7.6461973
2.286209 0.44779968 -0.3573761 -5.5941224 -0.84873825 -4.371765
1.6439209 0.77445984 -0.35255432 -5.8185363 -0.7417423 -2.875222
1.1915588 1.054657 0.44882202 -4.6014585 0.08657111 -0.6545142
1.4454193 1.0561829 1.084259 -4.846925 0.53679556 -0.78268546
1.8504944 1.2315674 1.01857 -6.0159564 3.2790616 -0.7795773
2.000595 1.6024323 0.2548523 -8.578618 6.5633764 -0.7417213
2.3988495 1.3649292 -0.31871033 -8.61212 6.226884 -0.5168138
2.3201294 0.7700958 -1.1748657 -7.9429994 2.2149866 2.9315658
2.2011719 0.45509338 -0.8413086 -6.8526874 1.3707604 3.812419
2.5050201 0.3466339 -0.25228882 -4.4120536 1.0051808 5.2470555
2.5050201 0.3466339 -0.25228882 -4.227371 -0.30910966 6.8070593
1.6840363 0.6910858 -0.114852905 -4.8142037 -4.95926 7.158635
0.33239746 0.9113312 0.21742249 -4.8142037 -4.95926 7.158635
-0.3108368 0.30412292 -0.04866028 -5.2713547 -6.5088277 5.0784335
-0.39935303 -0.30265808 -0.15615845 -5.254158 -6.9131613 4.2221456
-0.36647034 -0.27400208 -0.32295227 -4.339957 -5.2084637 3.4680688
-0.6443939 0.13623047 -0.2938385 -2.7463114 -3.023144 2.6910043
-0.6658325 0.018569946 -0.09378052 -1.7360153 -4.936156 0.050366767
-0.6658325 0.018569946 -0.09378052 -1.7815421 -6.0587087 -3.2125325
-0.2238617 -0.23391724 0.54655457 -2.3737226 -5.895399 -3.855665
-0.0544281 -0.22329712 0.27719116 -4.64073 -5.2660675 -4.3740387
0.42611694 0.3660431 -1.1617432 -7.564868 -2.5816011 -5.302569
0.6533356 0.5066681 -1.5791931 -5.996049 -1.7078053 -6.3831453
1.1838074 0.3790741 -1.5818787 -3.2648065 -3.0176322 -7.431211
0.8903961 0.52471924 -1.0548553 -2.5114744 -3.9781258 -7.379031
0.5375519 0.57177734 -0.73191833 -3.2123926 -6.163639 -6.7146845
1.0891876 0.45877075 -1.5762329 -5.006526 -4.216333 -5.222275
1.0891876 0.45877075 -1.5762329 -3.977255 -1.9928517 -2.7122104
1.1173706 0.5988617 -1.8741608 -3.977255 -1.9928517 -2.7122104
0.79333496 0.6661072 -2.253006 -2.041734 -1.5418206 -0.35962102
0.50572205 0.56929016 -1.5642548 -0.83455586 -1.7103134 0.23813374
0.12132263 0.63461304 -0.31678772 -0.5754937 -1.0284771 0.77723986
0.4777069 0.4552307 -0.8551483 -1.7317975 -1.0732955 0.52526855
0.35487366 0.6105957 -1.1031189 -3.266095 -1.8301976 0.4900299
0.35487366 0.6105957 -1.1031189 -2.6723323 -1.9804538 0.7966732
-0.22080994 0.91267395 -1.3906403 -1.8122324 -1.6504999 0.7252427
0.4675598 0.5022278 -0.60717773 0.16052736 -0.9775266 0.060450826
0.6045227 0.55288696 -1.0220337 -0.015985359 -0.9793895 0.21353306
0.37135315 0.8175354 -1.4217529 -0.8251019 -1.7309765 1.0939711
-0.15255737 1.1196136 -2.0177307 0.28393346 -2.514706 1.4369434
-0.52957153 1.6388702 -2.774994 1.6479532 -2.3688197 1.3287743
-0.5907593 2.5805206 -2.5363922 11.155141 -0.28305194 -0.9985541
-0.32096863 3.1176453 -2.0588684 13.5301485 0.5706592 -1.452462
-0.16239929 3.5933075 -0.44851685 16.933361 1.3603717 -2.6489716
-0.03996277 3.350357 0.77438354 16.626616 -2.0996814 -4.162334
0.37820435 0.4656372 0.34776306 8.379377 -6.263628 -6.8780117
0.24562073 0.074157715 0.28855896 8.0852375 -0.31822592 -5.8150487
0.24562073 0.074157715 0.28855896 8.93488 2.2170718 -5.532085
0.7376709 -0.07627869 0.8961334 9.475344 4.868312 -4.286741
0.8314209 -0.52667236 1.2140045 8.001369 4.2182207 -1.9629532
0.6355591 -0.48345947 1.3141327 4.883623 0.76476264 -0.20652069
0.7811127 -0.81407166 1.5121613 2.5868113 -1.9012762 0.049458362
0.5236206 -0.8054962 0.96543884 -0.4952545 -3.436906 0.7756595
0.45921326 -0.87786865 0.7634735 -0.6621125 -2.0413535 1.09822
0.38124084 -0.92263794 0.9993744 -0.79693204 -1.2247359 1.292595
0.5476227 -1.0726013 1.5810089 -1.3826735 0.5033332 1.4902909
0.6759949 -0.8982086 1.3548431 -2.9233072 2.8308806 1.9400103
0.85025024 -0.6982269 0.8597412 -3.9877303 3.8476975 2.1565428
0.8958893 -0.42201233 0.5346222 -6.699804 3.4467583 3.3072824
0.86421204 0.20089722 0.49191284 -10.892417 -0.030850857 5.0113926
0.85990906 0.5979004 0.5884857 -11.898595 -0.48658296 6.8549995
0.18890381 1.5133972 0.46295166 -12.634883 -1.1532688 7.0830774
-0.34614563 2.804657 0.38952637 -12.599777 0.13659433 5.512475
-0.51882935 2.18956 -1.6017303 -11.845541 0.3567584 3.173713
-0.7072754 2.095108 -2.8302155 -10.4033575 1.7726951 3.408119
-0.8644867 1.8661194 -3.926529 -7.328519 3.9270873 2.884999
-0.22929382 1.3713837 -2.3465424 -4.6170626 3.3164036 2.1231937
-0.22929382 1.3713837 -2.3465424 -0.0023121564 1.9916959 0.68684125
-0.007156372 0.815155 -1.5346222 -0.6890586 0.39795777 0.0401879
-0.007156372 0.815155 -1.5346222 -0.4966047 0.2558981 -0.5392265
0.09498596 0.77619934 -1.5959625 0.3536787 0.90917283 -0.11718388
0.08685303 0.7842865 -1.3679199 0.5966253 0.70694464 -0.00830347
-0.031967163 0.7448425 -1.135086 0.59498453 -0.09371051 -0.101531684
0.024520874 0.54219055 -1.4530945 1.2821331 0.5705354 0.22215185
-0.24513245 0.73591614 -1.5320892 3.014647 0.86895406 0.43605828
-0.3811493 0.8399048 -1.6170197 4.6506195 0.9993307 -0.27823055
-0.25350952 0.92422485 -2.0763702 5.8113723 1.178468 -0.59763706
0.21046448 0.9755554 -2.024231 5.8113723 1.178468 -0.59763706
0.82336426 0.9546356 -1.6200562 10.520884 2.825344 0.046841808
0.016052246 1.4286499 -2.5481262 10.80267 3.9086275 1.0249988
-0.8460083 1.9300385 -2.3791046 12.3165 6.926003 3.257384
-0.86180115 2.0461884 -0.19908142 15.425801 2.7877192 1.4898403
0.42488098 -0.040756226 0.79115295 8.750759 -5.356742 -2.1626735
0.25956726 -0.4693451 1.8682098 7.188283 -0.9962364 -2.238749
0.7218933 -0.9690857 1.8763275 -0.26909405 2.6645463 -0.3863746
0.6659851 -0.71754456 1.072815 -1.2795224 2.8419113 0.16291888
0.30819702 -0.48086548 0.46569824 -2.6185765 3.2775002 0.49054894
0.41592407 -0.61151123 0.033569336 -3.2876086 2.6081026 -0.15141056
0.9326172 -1.1299896 0.46044922 -4.1388044 3.707924 1.042076
1.0070496 -1.1424255 0.47520447 -4.4802136 3.9891024 1.7836995
0.82891846 -0.49645996 -0.013748169 -5.23631 2.7178094 3.1542876
0.3126831 0.0025787354 -1.829483 -5.3373775 3.0574932 2.685135
0.29974365 -0.42340088 -2.257721 -2.1905503 -0.50315183 0.48600745
0.3114624 -0.5293274 -1.7167358 -0.5021252 -3.958289 0.21180147
-0.05731201 -0.55171204 -1.2623444 0.42764747 -4.400901 -0.17816362
-0.27033997 -0.5635376 -0.9072418 0.42764747 -4.400901 -0.17816362
-0.37493896 -0.5315399 -0.7659302 0.9109183 -3.4657047 -0.3561259
0.048812866 -0.841629 -0.4740448 2.7646537 -0.11569118 -0.7102075
0.22845459 -0.941452 -0.59158325 2.7646537 -0.11569118 -0.7102075
0.36369324 -0.9768524 -0.689209 2.5012248 -0.83983076 0.8845391
0.38705444 -1.0066376 -0.37112427 2.1527412 -1.4490832 1.3837284
0.3562622 -1.1705017 -0.15937805 1.3377059 -2.8689249 2.2365985
0.53559875 -1.4622803 -0.11747742 -0.27102643 -3.3612223 3.6511033
0.9281616 -1.3585815 -0.3419342 -0.27102643 -3.3612223 3.6511033
0.56573486 -0.32078552 -0.9590912 0.13959278 -1.3823428 5.7810473
-0.21388245 -0.50723267 -0.49612427 2.2535844 0.11882146 7.337226
-0.21388245 -0.50723267 -0.49612427 2.79141 1.3323298 7.5975842
-0.8426361 -0.1304779 -0.3427887 1.4459792 -0.31835482 5.616889
-0.87794495 -0.059326172 -0.17749023 0.75145006 -1.3104465 5.2161365
-0.945282 -0.21217346 -0.13352966 0.75145006 -1.3104465 5.2161365
-0.7651367 -0.24082947 0.16351318 0.5801603 -0.80113614 4.5895185
-0.60601807 -0.19023132 0.1618042 0.22787204 0.012017781 4.3514953
-1.2747345 0.17196655 -0.054367065 -0.9762938 0.3882644 4.314592
-1.1760254 0.015960693 -0.26252747 -1.4707491 -0.057867296 3.627047
-1.1094055 -0.040725708 -0.40107727 -1.6417354 -0.29032025 2.9107225
-1.1037445 -0.16143799 -0.46266174 -0.834309 -0.42893058 1.5189043
-1.2404633 -0.12413025 -0.71022034 -0.5641907 -0.56697285 1.2350109
-1.562912 0.07171631 -0.81941223 0.553048 -0.08909739 0.44424695
-1.683609 0.10420227 -0.4239502 1.9112064 0.07359806 -0.7485238
-1.6384735 0.11526489 -0.38572693 2.4361298 0.12906957 -1.3917017
-1.6384735 0.11526489 -0.38572693 2.6610422 -0.18995689 -2.9074657
-1.667038 0.14389038 -0.2935028 2.2079835 -1.6518209 -4.4455676
-1.6482391 0.32385254 0.8275604 1.1951295 -0.14060026 -7.591684
-1.690567 0.81929016 1.061966 1.1951295 -0.14060026 -7.591684
-1.4710541 1.7497253 0.67233276 1.1225547 3.7544923 -9.778476
-1.069519 2.411911 0.25820923 -1.3409957 2.2324424 -13.5386505
0.080825806 3.1019745 0.96240234 -2.4482305 1.0991154 -15.332136
3.5193176 2.828537 -1.6877136 -6.577192 6.687133 -20.149698
2.4013062 2.1082916 1.3773499 -1.8241439 10.324231 -19.998903
4.480591 0.8742981 1.8050385 5.408499 9.162593 -15.68026
4.110733 -0.118759155 -0.86117554 -3.55412 0.8972459 -13.320008
2.9063873 0.046783447 -0.7616577 0.5910817 1.2533321 -6.6911945
1.4548187 0.9542694 -0.084106445 2.5360503 -0.90126485 -5.0717187
2.217987 0.6000519 0.16589355 2.1105547 -1.633885 -3.8651435
2.4650269 0.22341919 0.13847351 2.055895 -1.9156275 -1.9238052
1.9752045 0.18196106 -0.03315735 1.9214087 -2.1280828 -0.782098
1.2825012 0.24879456 -0.28034973 1.6197045 -2.2131813 0.70358855
1.3045654 0.14590454 -0.26350403 1.7752813 -1.5113634 1.5221846
1.4525604 0.0032958984 -0.39624023 1.7568783 -1.0078528 1.8785565
1.6582794 -0.056762695 -0.7325897 1.5002087 0.026067287 2.7587562
1.7357635 -0.07330322 -0.96432495 1.5407751 0.4007429 3.9771562
2.7335358 -0.12957764 -1.2731781 4.009677 -0.82016945 9.9257555
2.5848694 0.6243286 -1.1642761 4.3098907 -1.1592295 11.621192
2.1503296 1.2316895 -1.0446014 4.840584 -1.5658189 14.244924
1.9139862 1.673172 -0.4212799 5.269807 -0.3549618 16.040466
1.5877075 2.0227203 -0.08262634 5.269807 -0.3549618 16.040466
-0.42407227 0.82369995 1.5229797 3.63049 1.6649652 14.687103
-0.37213135 0.25704956 0.40264893 -0.49463636 2.7188406 12.526669
-0.5958252 0.6581726 -0.5051575 -2.3134725 2.5179644 11.688277
-1.1086273 0.7546997 -0.6840668 -4.0520477 -0.28948107 10.930256
-2.220047 0.5843048 -0.7444153 -3.8039405 -2.9280627 9.362222
-1.3347168 -0.1876831 -1.2870789 -1.0677478 -2.7537503 4.082456
-1.3347168 -0.1876831 -1.2870789 2.1091063 -2.060921 2.0684352
-0.97135925 -0.41737366 -0.035186768 2.5539494 -1.8609672 1.2222152
-0.7140503 -0.36869812 0.36608887 1.6239285 -1.6720787 1.0464008
-0.8677521 -0.30451965 0.18406677 0.44388238 -1.3875751 0.80159575
-1.0988464 -0.37754822 -0.34375 0.54344517 -0.35343635 -0.35852593
-1.0051117 -0.38674927 0.25497437 1.8897512 0.70970285 -1.2467029
-1.0711975 -0.34248352 0.3047943 1.8110765 0.54339004 -1.4091129
-1.0670319 -0.3152771 0.2112732 0.9167253 0.29216874 -1.7749317
-1.2602081 -0.19598389 -0.012130737 0.6845107 0.6415491 -2.8636007
-1.6203461 0.19546509 0.15190125 0.971943 0.30609575 -4.8633776
-1.6203461 0.19546509 0.15190125 1.4389528 1.1859517 -7.4175677
-1.2536163 0.23735046 0.63427734 1.1420615 1.1834044 -8.57032
-0.86857605 0.27415466 0.9671631 -1.0286851 1.2673217 -10.060555
-0.23339844 1.036377 0.6424103 -2.8260992 4.004329 -11.903135
0.58592224 3.528656 0.057800293 -3.4796724 3.2595887 -14.958392
3.60849 1.2998352 -1.5194397 -4.2719555 3.467611 -17.933014
2.6812744 1.0336304 -0.033340454 -1.3399445 5.739292 -16.612253
2.52359 1.3601379 1.7025757 1.0593029 5.35152 -13.584828
1.7528229 1.5100555 -0.38401794 -3.157833 2.7036002 -11.728143
2.6565094 0.97224426 -0.50239563 -1.3032084 1.9901869 -11.652787
2.7547455 0.72257996 -0.45054626 -1.0896686 0.8066126 -9.780233
2.9330444 0.4015808 -0.012481689 -0.5861812 0.6697696 -8.585092
1.3275604 0.67826843 -0.36595154 -0.4390988 0.1883273 -3.1281104
0.7907257 0.74508667 -0.44413757 -0.19233909 0.08999434 -2.6190386
0.6815796 0.7969208 -0.40888977 0.5045436 0.1263108 -2.2728903
0.6807251 0.9099426 -0.39945984 0.9644822 -0.55920845 -2.4141052
0.8393707 1.0474701 -0.099594116 1.2898725 -1.0203918 -2.5115414
1.372757 0.70817566 0.09951782 1.6283307 -1.4928515 -1.8358866
1.3801422 0.6753082 0.13819885 1.5705998 -1.3742673 -1.2430414
1.1087952 0.6588745 0.15174866 1.1812544 -1.1822422 0.009670471
0.80615234 0.71943665 0.08200073 0.7712496 -0.84946847 0.84520584
0.54074097 0.7263336 -0.27996826 0.119093105 -0.629448 0.50595266
1.1044464 0.55288696 -0.018295288 0.14853115 -0.5914423 1.2793474
1.1044464 0.55288696 -0.018295288 0.14853115 -0.5914423 1.2793474
1.4957733 0.874176 0.40031433 -1.5865686 0.87670624 3.4711218
2.1123352 0.8095398 0.050872803 -2.124442 1.2427473 3.8494918
2.477005 0.7723999 -0.11444092 -2.7709043 1.4616501 4.981479
2.6141357 1.0895538 0.06892395 -2.6579263 1.4914548 6.979173
2.7823792 1.3014832 0.26838684 -2.4812694 3.588583 9.912824
4.3337555 1.1624756 -0.32414246 -3.8424742 5.4190354 11.609536
5.27829 2.1565857 -0.96562195 -3.78027 6.3143816 17.952915
3.9145355 3.9838715 0.13354492 -4.017859 5.2922544 18.09229
-2.6407623 1.8470001 -1.7088318 0.99717116 3.9699152 12.937141
-1.7092285 0.9270935 0.110946655 1.7948949 2.918728 5.360838
-1.2023773 0.37431335 0.3002777 -0.14478062 1.9158957 2.5889723
-1.3471527 0.41880798 0.07510376 -0.9500372 1.7585872 1.7477117
-1.5178375 0.35411072 -0.3503418 -0.85749394 1.7941005 1.228672
-1.5526276 0.2480774 -0.39379883 -0.43377247 1.2322364 0.068820074
-1.3692474 0.0605011 -0.35479736 -0.27481958 0.7961509 -0.5331337
-1.1649933 -0.1756897 -0.46583557 0.6994902 -0.5950101 -1.7738341
-1.1649933 -0.1756897 -0.46583557 1.2836567 -0.8858582 -2.016506
-1.2638702 -0.13737488 -0.38072205 1.2836567 -0.8858582 -2.016506
-1.8117218 0.05836487 0.041366577 2.7417722 -0.86840224 -3.0567799
-2.4495087 0.5712738 0.31788635 2.6658905 -1.5567902 -5.4735565
-2.1489868 2.6756134 0.093826294 1.0627619 -4.162455 -12.555774
-0.50349426 3.907898 -0.1355896 0.52914083 -4.230332 -17.622484
0.0821228 5.480423 -1.5075531 0.1188662 -4.1391582 -19.268919
1.3243713 6.018799 -1.9360809 1.4146205 -3.7965012 -21.43098
2.8733673 5.1480713 -1.7097778 6.7286363 -1.4773817 -21.591545
2.6376495 3.1646729 0.3651886 10.304248 -3.1787522 -15.966913
5.1255493 0.2873993 1.5222473 5.1554465 -7.1164055 -14.476193
-0.30725098 2.9741974 -0.49072266 -0.9862703 1.1304016 -2.8548958
2.671173 1.2756348 -1.2140656 -1.2068362 0.91638416 -3.0765214
1.9364624 1.2508545 -0.863678 -0.62412083 0.47163516 -1.6313266
1.11026 1.4928436 -0.6435852 0.61656976 -0.2720206 0.96057826
0.28152466 1.0805817 0.39369202 1.2353888 -0.8524374 0.14726509
1.0450592 0.6677704 0.43170166 0.8691125 -0.6475748 0.067952156
1.0450592 0.6677704 0.43170166 0.21850838 -0.06374223 1.0059791
1.7048798 0.4257202 0.3440857 -0.17960598 0.76648575 3.1644986
2.0577698 0.6845856 0.027740479 -0.25190789 1.2929778 4.443694
1.1169739 1.2202301 0.20158386 -0.19162643 1.6665673 6.540032
1.5373535 1.0513153 0.34403992 -0.49133644 1.9275757 6.834115
2.5429688 0.8534241 0.25982666 -1.46441 2.309652 8.037818
3.497757 1.2586823 0.6622467 -2.2740018 2.7263992 10.598931
4.1145477 2.4409637 -0.2974701 -4.232603 5.6955047 14.78942
4.7879333 2.5557556 -0.8415375 -4.258864 8.310066 18.127132
3.2377472 3.3327484 -0.09776306 -4.4848804 8.432218 19.72009
0.93629456 3.9619598 0.11735535 -5.5748825 5.2876062 17.438494
0.66548157 3.5317383 0.37820435 -5.5253134 -0.81617844 11.473597
-1.1450653 1.2418213 -0.32791138 -6.2415633 -1.371574 9.757656
-2.088089 0.6470642 -1.0878448 -3.23398 3.0465064 8.54079
-2.544098 0.6398468 -1.2095947 -1.9846596 3.941787 7.2883377
-1.4736938 0.15480042 -1.1119995 -0.6936443 2.7267432 3.7909946
-1.4736938 0.15480042 -1.1119995 0.35357726 0.72046846 2.1872497
-0.6910553 -0.20187378 -0.28186035 0.84855425 -0.5408374 2.106573
-0.7137604 -0.22445679 -0.14076233 1.4559933 0.32187736 2.4101489
-1.1150665 -0.049606323 0.08505249 1.6971008 0.45361516 2.3434231
-1.193222 -0.11936951 0.28811646 1.8049427 0.52684116 1.9747467
-1.193222 -0.11936951 0.28811646 1.8049427 0.52684116 1.9747467
-1.5269165 -0.057876587 0.4494629 1.3292618 0.9226165 0.95265025
-1.5124359 -0.11663818 0.360672 0.5699751 0.909714 -0.22034942
-1.5935059 -0.02268982 0.21194458 0.0073351446 0.14203836 -1.5247647
-1.300293 -0.1650238 0.33207703 0.15910017 0.408665 -2.2675
-1.0063782 -0.16947937 0.32199097 0.90329283 2.5535653 -2.8598547
-1.2030945 0.10884094 0.13516235 0.17847067 1.7033038 -3.825358
-2.1275024 0.8031006 -0.28300476 -0.8876058 0.39659208 -6.7321587
-1.9088287 1.5183411 -0.62409973 -1.1789417 -0.8346677 -10.707493
-1.0578156 2.1066742 -0.72628784 -0.6994963 -1.0187396 -12.693414
0.35351562 2.2321777 0.10293579 0.9732123 -0.25632977 -15.494448
1.8569183 2.4891205 -0.24861145 1.7244844 0.58967155 -16.070587
2.2809906 2.1396942 0.076156616 1.4654307 -1.4830949 -16.254227
2.3141174 1.8808136 -1.2955627 -0.7900291 -3.8917193 -15.239891
1.9790497 2.1515656 -1.7177124 3.0690846 -0.59694225 -13.377823
0.96806335 3.003952 0.7345886 6.333879 1.5633701 -12.622937
4.2795715 1.1542511 1.549057 4.866346 2.2637975 -11.051309
4.111252 0.4414673 1.1807556 1.7813381 2.3183763 -8.204838
1.688797 1.0033875 0.3179016 -0.30859247 1.7171708 -5.180631
1.4271545 1.0315094 0.06703186 -0.5305997 2.388131 -4.687876
1.8722839 0.8501129 -0.16078186 -0.6697709 2.2486417 -4.2709103
2.146225 0.816803 -0.11029053 -0.74925905 -1.3437834 -1.5619389
1.412384 0.85832214 -0.11210632 -0.33088553 -1.0412667 -1.0596659
0.97480774 0.81663513 -0.061843872 0.15947647 -0.61572015 -0.33043972
1.0758209 0.62931824 -0.044906616 0.3248854 -0.47715166 -0.13486435
1.0313721 0.59173584 0.096588135 0.48383644 -0.56414276 0.41687578
1.0879211 0.46484375 0.17448425 0.3046502 -0.83406556 1.0072552
0.86265564 0.61372375 0.4036255 0.16890727 -0.7919453 1.5868541
0.8587036 0.60791016 0.39300537 -0.2524722 -0.53551775 1.4246048
1.2763672 0.4469452 0.07720947 -0.45767623 -0.43741116 1.4633034
1.6883698 0.32156372 -0.3008423 -0.5215117 -0.99657565 2.197482
1.664444 0.64105225 -0.8961334 0.3121113 -3.5680032 4.127527
1.664444 0.64105225 -0.8961334 1.9255105 -5.3034577 4.422454
2.3980255 0.7967987 -1.3102417 2.6119475 -6.829109 4.6426215
2.5118408 0.7381439 0.35108948 4.701367 -9.5400095 5.3404202
2.1765442 0.72128296 1.5458221 5.8076553 -7.7010164 7.3564863
-1.3921814 0.9888458 -0.37242126 -0.043864127 6.44439 9.4335165
-1.5919037 0.86424255 -2.3476868 -0.8119086 7.3034296 4.7067075
0.06826782 -0.045211792 -1.236023 0.25026125 4.6167717 1.5126315
1.6809082 -0.7055969 -0.70088196 0.8269142 -1.1825562 -1.8963095
1.734909 -0.4927063 0.45158386 0.029769614 -8.60555 0.48909727
1.5217743 -0.5046387 0.8242645 -0.8325867 -8.491494 1.5128657
0.8089447 -0.40016174 0.8333893 -2.6054592 -7.8419046 3.3354068
0.48764038 -0.24458313 0.35040283 -3.413679 -7.1373267 4.0808377
0.72880554 0.03916931 -0.2544403 -4.9837127 -3.8088267 5.0004573
0.72880554 0.03916931 -0.2544403 -4.9837127 -3.8088267 5.0004573
1.6740265 0.4119873 -0.96780396 -5.334108 -4.4708266 4.573421
2.5407867 -0.09812927 -1.1106567 -4.6091185 -6.502033 5.1346726
1.2061157 0.5283203 -1.1437073 -2.34494 -3.421141 8.556634
-0.56980896 1.0324707 -1.9286346 -0.5638977 -2.5522096 8.248357
0.12663269 0.77279663 -1.2649994 -0.09882298 -3.3939195 7.231478
0.5117035 0.9697418 -0.84046936 0.8820251 -2.3888614 7.1636796
-0.02319336 1.4768829 -1.210495 1.1333675 -0.94402987 7.8002496
-0.85998535 1.8764648 -1.5130005 1.2951049 -0.78217864 7.6095304
-0.8500824 1.657547 -1.1279602 3.1044257 -1.0653754 4.2130175
-0.8188629 1.5605621 -0.74139404 3.2959697 -1.0384957 3.6973593
-1.0684662 1.5611877 -0.5101013 3.2927806 -0.67565966 2.9076679
-1.0684662 1.5611877 -0.5101013 3.2927806 -0.67565966 2.9076679
-1.2736969 1.459137 -0.40156555 2.6439743 -0.5933653 1.7230301
-1.3734436 1.3813171 -0.30976868 2.2399914 -0.5840405 1.0079924
-1.6208801 1.357727 -0.286911 0.19368878 -0.6822473 -2.8027477
-1.8189545 1.4819489 -0.2818756 -0.30454472 -0.91415215 -3.9501305
-2.1446838 1.9726715 -0.15560913 -1.0397655 -0.5807294 -6.3534822
-2.4116669 2.5917206 -0.27285767 -1.8898449 0.11511354 -9.727974
-2.2361755 3.0392456 -0.14053345 -2.601559 -0.2663068 -11.655101
-0.42219543 5.611725 -0.46040344 -8.52039 -3.1347024 -18.447819
0.8726959 6.0589905 -1.2174835 -9.365941 -2.648705 -19.117458
2.1528473 5.432556 -2.25 -8.373163 1.0686972 -18.185177
3.73938 1.6400146 -2.8869934 -1.7632537 5.3559833 -14.927977
2.9337616 0.743515 -1.0292206 1.4582211 5.1755285 -12.015786
0.8461914 1.5074921 -1.8330994 -3.6634934 1.0886081 -7.380041
1.3383484 1.4655304 -2.248108 -3.2273605 1.5592268 -6.940069
1.7563324 1.0696869 -1.9293976 -1.7235438 1.506127 -5.985873
2.5372925 0.17353821 -1.8220673 -0.75023216 0.11165729 -5.0191708
2.5372925 0.17353821 -1.8220673 -0.75023216 0.11165729 -5.0191708
1.4676361 0.12120056 -1.0144806 0.18125714 -1.2587184 -0.9977256
0.84324646 0.3587036 -0.6751709 0.013807425 -0.6414386 0.30238196
0.9979553 0.23460388 -0.9771118 -0.34589854 -0.08760628 0.80227596
1.2305603 0.1673584 -1.460556 -0.4589423 1.0247444 2.229496
1.3291779 0.20056152 -1.6475525 0.2500181 1.248902 3.940405
1.2436523 0.6213989 -1.3386688 0.8192384 -0.99588084 6.3203907
1.2436523 0.6213989 -1.3386688 1.1706452 -1.8867977 6.800682
0.9547272 1.039566 -1.1398773 1.1706452 -1.8867977 6.800682
1.5816498 0.97128296 -1.2162323 1.2865428 -2.0283208 6.9237447
2.223938 1.175766 -1.4190369 1.6760032 -2.088822 8.5917845
1.7774811 2.1279297 -0.98602295 2.8880942 0.8472197 13.611062
1.6237946 2.8519897 -1.41156 2.3304646 1.5232999 15.584994
0.5835266 3.7159271 -0.894104 2.174582 -0.599734 14.848781
0.029373169 2.992752 -0.7106323 2.0991569 -1.0680331 13.534092
0.10890198 2.5046387 -1.0860443 1.224042 -1.7279165 11.953443
-0.44670105 2.4271545 -1.5581818 2.1296597 -0.7424624 11.440635
-0.75679016 2.1792145 -1.3119202 3.0945659 -0.5463744 9.981913
-0.8992462 2.014923 -0.7051697 3.5032508 -0.7250584 7.942186
-1.2406311 1.8216248 -0.43066406 3.1109314 -0.55494714 7.0233736
-1.749939 1.733963 -0.6052551 1.9598604 -0.12035651 5.162981
-1.891983 1.4278412 -0.7397766 1.0942109 -0.021609688 1.6614524
-1.4439545 1.154007 -0.52453613 0.93483216 0.011022824 -0.44646353
-1.4439545 1.154007 -0.52453613 0.93483216 0.011022824 -0.44646353
-1.0543365 0.9319916 -0.42684937 0.30904973 0.06821261 -1.7967347
-0.88974 0.8261719 -0.47354126 -0.028724322 0.103525594 -2.2557337
-1.0946045 0.9534149 -0.6241455 -1.0471072 -0.18144968 -3.7556705
-1.2214966 1.1308594 -0.7057495 -1.5780433 -0.46941942 -5.1534667
-0.99290466 1.1814575 -0.5355072 -1.8715771 -0.19608136 -6.7141776
-0.6190033 1.1419983 -0.5997162 -1.822057 0.6532476 -7.1878324
-0.7687378 1.5578003 -0.6179657 -2.0214386 1.1930634 -7.9380145
0.24012756 1.9473877 -0.1847229 -4.128648 -0.9230109 -11.20038
1.4021149 1.9356384 0.004348755 -7.0553393 -2.7528663 -11.671331
1.9232635 1.5024567 -0.47406006 -10.448768 -3.3689406 -9.186473
1.5345154 1.241272 -1.2530823 -11.357441 -2.7349617 -6.8642755
0.85276794 1.5769348 -2.0757294 -9.959493 1.1685046 -2.3918905
0.27980042 1.2889099 -2.8490448 -4.371656 2.3682165 -0.36571142
0.3032837 0.9530029 -1.7583008 -0.40716803 1.6697671 -0.36822677
-0.064437866 0.77156067 -1.0303955 0.33877647 1.3919674 -0.12962244
-0.064437866 0.77156067 -1.0303955 0.33877647 1.3919674 -0.12962244
-0.4317932 0.7463989 -0.8916931 0.35412586 1.0807002 0.011417771
-0.49995422 0.79737854 -1.0390472 -0.5600958 0.94169885 -0.42766932
-0.36462402 0.84085083 -1.2917786 0.32532644 1.8339648 -0.7535063
-0.14196777 0.7420502 -1.0021973 1.2211789 2.397186 -0.84477705
0.3005829 0.63583374 -0.9948273 1.6779363 2.9897785 -0.7079846
0.5076599 0.56495667 -0.97143555 1.7313607 2.6575868 -0.6287159
0.7694092 0.26026917 -0.8054962 1.2246532 1.0654279 -0.5070174
0.740448 0.20405579 -0.84931946 1.0016292 1.0546936 0.6439332
0.3253479 0.38035583 -0.92037964 0.96248454 0.9681877 1.1255475
0.40403748 0.2842865 -0.672699 0.86780304 0.563319 1.2487028
0.17651367 0.41990662 -0.9901581 0.11393376 -0.1491719 1.3997103
0.34194946 0.50686646 -1.4050293 0.046059106 -0.21812116 1.3451035
1.1403809 0.8248596 -2.1373749 0.5068842 -0.91209006 2.451084
0.6362152 1.2891998 -2.6684113 2.0199099 -1.2529619 3.394774
0.06201172 1.7763214 -2.3697815 4.721838 -0.58199257 4.2345467
0.06201172 1.7763214 -2.3697815 4.721838 -0.58199257 4.2345467
-0.06980896 2.6395721 -3.3286438 7.5217166 -0.1780893 4.1828575
-0.6082001 3.2915802 -2.7925568 11.49304 0.47398916 4.167899
-0.74508667 3.3699799 -2.1971588 14.015441 -0.39039305 2.710109
-0.20561218 2.9105682 -0.8068695 14.349683 -1.2607759 1.528719
0.5091095 1.9987488 0.052505493 14.214577 -1.1590692 0.6654198
-0.27711487 1.6321259 0.7177429 12.861082 -1.6192541 1.378299
-0.22167969 0.8687134 1.6711121 11.425769 -2.4623523 0.99765027
-1.0470734 -0.03677368 1.7324829 6.7378316 2.5560095 1.1361831
-1.1647491 0.0019378662 1.0748901 5.791403 2.7514338 1.0155432
-0.96240234 -0.10858154 1.2621002 4.8906107 2.0436332 0.33700493
-0.5288849 -0.42166138 2.037506 3.880178 1.5633842 -0.13716052
-0.5639801 -0.6878357 0.23703003 0.4255481 6.259972 -2.312694
-0.6552582 -0.67881775 0.25468445 0.4255481 6.259972 -2.312694
-0.6560211 -0.25712585 0.53829956 0.37569854 5.9212894 -4.6338177
-0.62272644 -0.12408447 0.5542908 -0.6105182 4.124163 -6.4892735
-0.5720825 0.33447266 0.5719452 -1.008292 3.9185956 -7.359097
-0.027114868 0.42625427 0.5822449 -0.5589349 6.5810943 -8.613507
1.0038605 0.12750244 0.57421875 2.8379064 12.746509 -8.145331
0.92681885 0.10783386 1.3654022 5.209309 11.268331 -6.7744746
0.83065796 0.22779846 0.905777 2.398493 4.3387723 -6.6402764
0.9748688 0.21520996 0.082839966 2.251189 3.1488032 -6.4070053
2.0197296 -0.36146545 1.1548767 4.486664 3.758263 -5.305676
1.9903412 -0.3931427 2.128296 4.1675982 3.8886805 -2.8736875
1.0749817 -0.06687927 1.974762 0.6018896 1.930195 -1.013859
0.9924469 -0.07658386 1.1198273 -0.44367385 0.7134446 -0.83724886
0.9924469 -0.07658386 1.1198273 -0.44367385 0.7134446 -0.83724886
1.138443 -0.19367981 0.7819061 -0.35312822 -0.29333335 -0.6363994
1.3592529 -0.32356262 0.7205963 -0.1678199 -3.2975037 -0.16469468
2.030136 -0.53359985 0.3607788 -0.80533195 -7.796301 0.54315704
2.127304 -0.47898865 -0.07154846 -0.8244942 -10.216395 1.8729255
2.20253 -0.19337463 -0.347641 -0.3360145 -12.169459 2.5001557
2.4357147 -0.03630066 0.22854614 0.8301957 -16.999722 3.0214076
2.5003052 -0.04597473 0.6464081 0.90139747 -23.242502 2.536038
3.402359 -0.16748047 2.8722076 -2.3912404 -31.40756 0.51020575
2.4678497 -0.10574341 3.0277863 -5.5274405 -25.986946 2.6982186
0.11332703 -0.30838013 0.99139404 -3.0182772 -11.921489 5.826241
-1.9162598 0.41810608 -0.008514404 -0.7118235 -8.015277 6.3423033
-2.7251892 0.65489197 -0.00970459 -0.2587775 -6.871209 3.884007
-1.4697113 0.006439209 -0.65823364 1.7117375 -1.0062944 0.33618414
-1.4076538 -0.013519287 -0.41270447 1.7186787 -1.2516242 -0.082236014
-0.7642975 -0.33610535 0.26617432 0.6270056 -1.8218685 -0.2803539
-0.7842865 -0.29566956 0.23330688 -0.19568083 -2.0567281 0.028927788
-0.60554504 -0.30807495 -0.12913513 -1.2073843 -1.1680638 0.81955826
-1.1785889 0.009796143 -0.25177002 -1.0840435 1.102126 1.3625188
-1.0991364 -0.09338379 -0.35940552 -1.288301 2.6546698 0.72827256
-1.0243683 -0.07537842 -0.5988159 -1.1406564 4.309326 0.660032
-0.82063293 0.023880005 -1.021347 -0.17983235 8.23418 0.6474933
-0.23754883 0.13111877 -1.8539124 2.4511101 12.481126 0.2508791
-0.22131348 0.27851868 -1.405426 5.019003 13.856965 0.440265
-0.20986938 0.26504517 -0.9692993 6.9883924 15.203051 0.6263382
-0.13731384 -0.024597168 -0.399765 7.652714 16.97577 0.49400413
0.29942322 -0.55592346 0.30523682 8.287149 20.604624 0.579164
-0.13131714 -0.2737732 0.8563385 5.147199 20.105276 0.9862098
-0.13131714 -0.2737732 0.8563385 5.147199 20.105276 0.9862098
-0.20799255 -0.18017578 0.12506104 1.3974783 14.685624 -1.1071911
-0.38052368 0.045303345 -0.22904968 1.512529 9.213125 -3.0462
0.22836304 0.27397156 0.056411743 2.3656163 8.165614 -3.6945171
1.6249847 -0.4451294 1.7140961 6.325672 4.326299 -2.7026715
0.98005676 -0.078567505 2.668518 5.505177 3.1230502 -1.8967843
0.6899414 0.005722046 2.357956 1.3229519 1.8534629 -0.87045366
0.6045227 0.14033508 1.3826752 -0.46770862 1.1254783 -0.9226319
0.9929199 -0.08781433 1.0856323 -0.3766594 0.96536636 -0.95748734
1.1776276 -0.16490173 0.6641388 -1.405609 -3.9805782 0.2588233
1.1776276 -0.16490173 0.6641388 -1.405609 -3.9805782 0.2588233
1.1544037 -0.13230896 0.35255432 -1.6395283 -5.4560394 0.5066781
1.1575165 -0.08818054 0.054031372 -1.4813613 -7.6737485 0.85812056
1.1641235 0.039886475 -0.37654114 -0.52625525 -10.150557 1.0765905
1.6758881 -0.064941406 -0.3879547 0.08412393 -11.523153 0.9850348
2.6056976 -0.13882446 -0.27168274 0.760879 -19.738686 1.9647543
2.1761475 0.3159027 0.64520264 0.7651483 -22.335636 1.8661313
2.1761475 0.3159027 0.64520264 0.20758861 -24.519882 0.06714308
1.8457336 0.38064575 1.2971191 0.20758861 -24.519882 0.06714308
1.1348114 -0.30073547 2.013031 -2.582752 -20.72849 -0.8818829
0.030639648 -0.47857666 -1.3083038 -3.6265814 -8.660882 2.312462
-0.82321167 0.2818756 -1.7032928 -0.9107199 -6.3377333 3.3990822
-0.9368439 0.4474182 -0.65522766 -0.3144176 -7.398157 2.85502
-0.8939209 0.32835388 -0.27388 -0.32793075 -8.139656 1.2798636
-0.72402954 -0.021896362 -0.42959595 0.35309815 -4.2064085 1.3084166
-1.1427765 0.1486206 -0.3757782 0.76277006 -1.5502332 1.6075504
-0.90319824 -0.044052124 -0.29244995 0.5570036 -0.39538303 1.2374985
-0.90319824 -0.044052124 -0.29244995 0.324356 0.090130694 1.2667981
-0.9682617 0.07325745 -0.27262878 -0.45471823 0.40199405 1.0732198
-1.122467 0.13694763 -0.40156555 -0.45471823 0.40199405 1.0732198
-1.1480103 0.04220581 -0.74687195 -0.53139174 0.92182976 0.1876434
-1.1217346 0.21983337 -0.94270325 0.470804 2.90166 -0.43568063
-1.1332855 0.15957642 -0.9598999 1.6509115 5.0700674 -1.0743519
-0.9488983 0.1627655 -0.8824463 2.2153306 6.127298 -1.4594173
-0.5740967 0.23521423 -0.6602936 3.134296 8.587596 -1.6131904
0.07998657 -0.15237427 -0.8800354 4.2613287 12.270082 -0.9385899
0.61242676 -0.4258728 -0.09263611 4.594544 16.132017 1.3087871
0.6120758 -0.5497894 -0.005554199 4.5194726 17.700792 1.7913679
0.28401184 -0.5180664 0.10083008 4.4578424 20.468456 2.054689
0.03086853 -0.5175781 0.1728363 4.6210747 20.764744 0.79352295
0.05670166 -0.41912842 0.4917755 4.5881853 19.24393 -0.2053457
0.29621887 0.013214111 0.46105957 2.8817353 12.355519 -2.2239072
0.51768494 0.017791748 0.29614258 1.554518 8.313184 -2.759484
0.786499 -0.08604431 0.21406555 0.9956329 4.4472528 -2.9240563
1.3086853 -0.63145447 0.6861572 3.1999416 4.163975 -2.1254873
0.39796448 -0.06706238 1.7806854 2.345539 2.4821439 -0.3968845
0.40364075 -0.07006836 1.2966309 0.28551245 1.3392621 -0.59263855
0.61865234 -0.109817505 0.98921204 -0.037953243 1.2228026 -0.68148
0.61865234 -0.109817505 0.98921204 0.005945507 1.0379934 -0.5888135
0.7855835 -0.19802856 0.8328247 -0.043082755 -0.796515 -0.42046306
0.94073486 -0.2863617 0.8934021 -0.29533178 -1.9979974 -0.25981587
0.7171631 -0.16680908 0.6872711 -1.0536996 -4.1106834 0.15714835
0.48033142 -0.06466675 0.25959778 -1.6304778 -5.834472 0.2384906
0.9773102 -0.1736908 -0.15992737 -1.624507 -6.59575 0.022999858
1.7949829 -0.35490417 -0.3347168 -0.9169562 -8.464546 -0.2781155
1.7949829 -0.35490417 -0.3347168 -0.60938907 -9.960354 -0.17387299
2.3419037 -0.26072693 -0.2878723 -0.2699958 -14.314135 0.23966266
2.0535736 0.20306396 5.187988E-4 -0.08979886 -18.862452 0.15916862
1.7736206 0.1302948 0.40499878 -0.36084262 -22.44585 -1.7560067
1.6479187 -0.5229492 0.8634186 -0.36084262 -22.44585 -1.7560067
1.1074982 -0.80477905 0.3445282 -1.197276 -18.530655 -1.2409838
-0.205719 -0.13696289 -0.9171753 -0.68017185 -7.925451 2.5914228
-0.6582489 0.075546265 -0.90727234 0.15465696 -5.6751695 3.0264251
-0.73194885 0.014862061 -0.045715332 -0.2998778 -7.7128553 1.672426
-0.34701538 -0.18960571 0.1275177 -1.4901206 -8.399253 0.9603034
-0.14944458 -0.16081238 -0.08262634 -3.074944 -5.831392 1.3126711
-0.73046875 0.3546753 -0.72302246 -2.2680533 2.2310638 3.9234555
-0.74076843 0.3968048 -1.2901306 -1.2914904 1.0610085 -1.2268113
-0.1159668 0.28092957 -1.3865051 0.6512244 3.3594892 0.3456847
-0.26132202 0.3844757 -1.3931732 0.6512244 3.3594892 0.3456847
-0.3973999 0.38087463 -1.2820892 1.9028462 3.362409 0.6217485
-0.29508972 0.28715515 -0.7771301 1.9028462 3.362409 0.6217485
-0.1255951 0.25035095 -0.86709595 2.322534 4.5275035 0.6001327
0.7945404 0.024139404 -0.94592285 1.8376912 5.5776534 0.42569965
1.3356781 -0.112197876 -0.9981537 2.1188066 6.7792525 0.5555194
1.5640259 0.20838928 -1.3565216 2.472867 8.445288 1.7782896
0.81632996 0.2179718 -1.6259155 3.63972 13.023413 6.3303576
0.81632996 0.2179718 -1.6259155 5.3629546 17.8564 8.061097
-0.18208313 0.18040466 -1.0183868 5.687068 20.94127 8.082856
-1.479126 0.18521118 -1.1951447 5.8555017 20.565609 5.39391
-1.9935303 0.2548523 -1.4054413 6.346424 17.335241 2.8066707
-1.0189362 0.7957611 -0.19934082 5.809066 5.1862183 -2.901769
1.1601105 -0.3358612 1.0197449 3.720608 -0.19495004 -3.8503962
0.6399994 -0.44493103 1.8789062 4.241563 6.3223953 0.38484275
0.08905029 0.10279846 1.0383453 4.241563 6.3223953 0.38484275
0.27546692 -0.037078857 0.53474426 2.458354 5.7253456 0.48811775
0.25578308 -0.043777466 0.67019653 1.8802074 3.7489364 -0.15444018
0.25578308 -0.043777466 0.67019653 1.9541442 0.24524678 -0.5912473
0.18692017 -0.018692017 1.2106476 2.7523372 0.113402195 -0.55222666
0.6582489 -0.06326294 1.6171722 2.7161353 1.789611 0.3756024
0.36683655 0.13122559 1.5127563 1.4987266 1.242778 0.7351387
0.1867981 0.10845947 1.3433838 0.48579785 0.09331024 0.62631637
0.15246582 0.07003784 1.2213593 -1.3264135 -2.2658043 0.348028
0.30671692 -0.12554932 0.8725891 -1.3264135 -2.2658043 0.348028
0.9885864 -0.029449463 0.17802429 -1.9010695 -5.1358533 0.0872883
0.9885864 -0.029449463 0.17802429 -1.5223225 -8.025819 0.0380121
1.3762817 0.18000793 0.40444946 -0.23334244 -12.25194 0.08067088
1.7597046 -0.103378296 0.29873657 0.21796802 -14.146375 -0.29878643
2.5262299 -0.2599945 0.050430298 0.4628843 -15.169972 0.33552128
2.1371155 0.17138672 0.5719757 0.987743 -20.248934 0.78682244
1.7701416 -0.014907837 1.1177368 0.55450314 -20.772358 0.4895364
-0.5662842 0.01210022 0.15757751 -0.081859715 -10.067993 1.8384491
-0.62046814 -0.021759033 -0.18466187 -1.150267 -8.398529 2.1122801
-0.8195343 0.12043762 -0.50424194 -1.22622 -4.8550587 2.7381928
-1.2795715 0.32940674 -0.7674713 -0.06691219 -1.7887454 2.6730785
-1.1676025 0.28111267 -0.5118103 0.45014852 -0.8825026 1.105056
-0.99227905 0.23454285 -0.5670166 0.22755007 -0.22859617 0.64844537
-0.97558594 0.21636963 -0.6128082 0.18826579 0.11627175 0.57493466
-0.9487457 0.18850708 -0.6077118 0.18826579 0.11627175 0.57493466
-1.1585846 0.22114563 -0.47761536 0.17767651 0.6909635 0.40019056
-1.2060852 0.2461853 -0.6486969 0.29214504 4.3785334 0.15055037
-0.90286255 0.23114014 -1.1064148 1.7651371 9.311026 0.14166632
-0.57276917 0.33251953 -1.3401794 3.4064097 11.841843 0.14243118
-0.40493774 0.33963013 -1.3688354 4.2700777 12.220384 0.051153466
-0.13009644 0.37950134 -0.9841919 5.4484825 11.676059 -0.2543697
1.0750275 -0.29101562 -0.4055786 4.7598963 10.095222 -0.4824873
1.1486359 -0.65878296 -0.24375916 4.3296266 11.24824 1.0780412
0.95944214 -0.6642761 -0.1716156 3.7001028 14.051227 3.0193174
0.5474701 -0.43403625 -0.3540039 3.5045857 15.51626 3.544301
0.08428955 -0.34638977 -0.51474 4.3184614 18.592022 3.5987408
-1.3208771 0.33685303 -0.07316589 5.9275174 19.149958 2.2123802
-0.25701904 0.5746765 0.5752106 6.7741165 18.050117 0.7781823
0.41552734 0.3425598 1.1372223 6.662206 10.449102 -2.920391
1.193573 -0.21170044 1.2415314 5.0815744 4.757227 -3.7969344
1.2595215 -0.3521576 1.4391937 4.540534 4.162389 -3.1935058
0.575119 -0.25785828 1.8174896 2.5710099 1.9201783 0.14279817
0.040786743 0.029632568 1.5757446 1.4261606 1.1842337 0.28859478
0.108078 0.041732788 1.2094269 0.1049645 0.036198217 -0.16855758
0.34353638 -0.07325745 1.158783 0.29485375 -0.3382252 -0.3326456
0.7024231 -0.06513977 1.2400055 0.34212112 -0.939858 -0.12753932
0.28622437 0.10545349 1.2705231 -1.6061628 -2.9830492 0.079641834
0.8697052 -0.09225464 0.62594604 -1.9599409 -3.5365021 -0.09955029
1.6902313 -0.38850403 0.007675171 -2.2389138 -6.724031 0.1631543
1.8235931 -0.27490234 0.0025634766 -1.8786337 -12.4507065 0.8859522
1.806778 -0.01675415 0.12199402 -1.2720014 -14.91074 0.88048714
1.4639435 0.01222229 0.70977783 -0.85311705 -18.715967 0.7076674
1.5357361 -0.28344727 0.3628235 -1.9672861 -20.284729 -0.075280376
1.8912659 -0.44462585 1.9836426E-4 -2.16056 -20.595743 -0.5530424
1.8912659 -0.44462585 1.9836426E-4 -2.0607545 -19.716158 -1.0516666
1.968689 -0.47021484 -0.024780273 -1.7662436 -18.077606 0.1770608
1.5128632 -0.30958557 0.35665894 -1.386415 -15.801139 1.3261203
-0.93362427 0.24235535 -0.3078003 0.41822016 -0.690926 4.0667686
-1.0948029 0.19766235 -0.98469543 0.52654743 1.0719335 3.5677063
-0.79330444 0.11087036 -1.0875702 0.6564865 2.544911 1.9575648
0.24980164 -0.12413025 -1.1134491 0.34860885 2.4231234 1.4831829
1.0426788 -0.14775085 -1.2184753 0.13728249 1.9170339 1.6333843
1.3950653 -0.2061615 -1.2080536 0.013667077 1.7436829 3.8208313
1.4877167 -0.29048157 -1.2334137 0.19688962 2.6790316 4.5274906
1.2909851 -0.19926453 -1.4313354 0.5991404 2.448696 5.523134
1.0732422 -0.08404541 -0.6622009 0.6318488 2.0809007 5.722117
1.5655212 -0.0819397 -0.06895447 0.6318488 2.0809007 5.722117
1.1181793 0.7114868 -0.75398254 -1.6816355 4.428275 7.997013
1.1181793 0.7114868 -0.75398254 -2.2711725 4.8281527 8.538232
0.45713806 1.1532288 -1.481308 -2.7384992 3.5780838 8.285128
-0.064697266 1.4223633 -1.6102905 -1.9892945 2.6795459 6.816456
-0.03138733 1.2945099 -1.7783356 -1.5062668 2.9658039 6.162264
-0.570343 1.3704224 -2.0104523 1.0526117 3.9529257 4.1864552
-0.6375122 1.3946686 -1.8927765 1.1935623 3.563039 3.3427227
-0.6559601 1.4487305 -2.1979523 1.1935623 3.563039 3.3427227
-0.808136 1.5311737 -2.8180237 1.1348726 2.5443714 1.5687947
-1.006012 1.7570496 -3.0039673 2.6173844 1.3285943 -0.5170788
-0.51049805 2.430832 -1.6229553 6.241002 0.1199075 -4.2223506
-0.26171875 2.866516 -1.3480835 8.769082 1.2842495 -6.5158935
-0.26171875 2.866516 -1.3480835 9.85683 1.9540877 -7.255417
0.89601135 3.296112 -1.0422211 10.991286 -0.44757113 -8.932851
2.6553345 3.2994232 -0.8023529 10.113193 -6.0486536 -10.307855
2.5942688 2.227295 0.20739746 8.962134 -6.1352577 -8.966234
2.3309937 2.087494 0.99050903 9.553645 -0.8399533 -7.5944514
2.5817413 1.5720215 1.3239288 9.336506 0.82249624 -6.9132733
2.8913116 1.0878296 1.5304413 7.843507 2.2013931 -4.7588863
2.697815 0.6277313 1.5671539 6.1459365 1.9788499 -2.732502
2.045807 0.5960083 0.7552643 3.5109155 -1.4925606 -1.6357902
2.068634 0.41212463 0.67474365 3.359762 -1.8882209 -1.107467
2.0426788 0.36717224 0.8392639 3.2790067 -1.7592748 -0.8017151
2.065033 -0.011077881 1.1622467 2.4187229 -1.2360815 0.14639103
1.8624115 -0.1277008 1.7340393 2.4187229 -1.2360815 0.14639103
1.4139099 0.032287598 1.8737946 -0.7096206 0.7764214 1.9646691
1.1057434 0.30081177 1.4609528 -3.5067868 2.3343706 2.3935795
1.1873932 0.49998474 0.81770325 -4.5540104 2.9225252 2.2993774
1.3389435 0.4910431 0.58477783 -5.87953 3.202427 2.283481
1.8074188 0.4075775 0.49571228 -6.464671 3.55324 2.8694
2.0219574 0.5511627 0.6509857 -7.477577 3.7339368 4.3411813
1.403656 1.8948517 0.27911377 -8.206262 4.0154543 5.059438
1.386383 1.9048157 -0.09480286 -9.64643 5.077324 5.4122295
1.386383 1.9048157 -0.09480286 -10.508582 4.4094596 4.457132
1.6958923 1.6481934 -0.82073975 -10.496839 3.0970023 4.1799054
1.4579468 1.6373138 -0.96525574 -10.128989 -0.27105945 4.4188156
0.80059814 1.3936005 -1.6757507 -9.602224 -1.0287818 5.3768425
0.8453827 1.1054382 -2.0452118 -6.8605757 1.3601818 5.5468273
0.70095825 1.1902008 -2.0032349 -3.7334747 2.2606268 4.571016
0.35960388 1.0076294 -1.783432 -2.7908099 1.9581404 3.5246809
0.24102783 0.60588074 -1.6889801 -2.312183 0.3750993 1.7976435
-0.0057678223 0.3534088 -2.1291046 -1.608658 -1.8793297 -0.14840971
0.021133423 0.35650635 -2.2393494 0.23910846 -1.0368222 -0.82366115
-0.030838013 0.44067383 -2.1967316 0.23910846 -1.0368222 -0.82366115
-0.18785095 0.5580597 -2.1713104 1.1949047 -0.7368913 -1.2062945
-0.15098572 0.8444824 -2.060135 2.8763337 -0.72277445 -2.415661
0.057540894 1.159317 -1.7831726 5.496613 -0.79305476 -4.82454
0.42295837 1.4828644 -1.6318665 6.5957365 -1.6146668 -6.3543406
0.7705841 1.9945221 -1.6460266 7.3893576 -3.0892873 -7.7517715
1.0379486 2.2145844 -1.6063232 7.8952065 -3.8110688 -8.374372
1.7539825 2.6040344 -1.5012207 9.337271 -4.584562 -9.429152
1.907608 1.2696991 0.6202698 10.152741 -2.986194 -8.090154
1.8838043 0.9869232 0.8812103 8.500723 0.4173248 -6.2277865
2.0879974 0.49154663 0.922699 6.5881696 2.1590643 -4.091536
1.3511353 0.64711 0.7806244 5.6708384 2.5894954 -3.193914
1.1794128 0.5076599 0.73057556 4.7608533 2.3057578 -3.0023458
1.5133667 0.45404053 0.66223145 3.3436882 1.1641854 -2.7384334
1.5565033 0.3993225 0.5064087 3.0035176 0.24117613 -2.4108503
1.7391205 0.33537292 0.67567444 3.1053114 -0.12632598 -1.9765114
1.9309998 0.19459534 1.0171509 3.1053114 -0.12632598 -1.9765114
1.8217926 0.13444519 1.1222839 1.7083606 -0.6020148 -0.3823977
2.0378723 -0.2801056 1.2548676 0.101371095 -0.89481735 0.6068327
2.1428833 -0.09121704 1.1157379 -0.7436323 -0.6168403 1.3666419
2.238205 -0.122558594 1.0818329 -2.3499768 0.21573655 2.8352618
2.238205 -0.122558594 1.0818329 -3.9857342 0.28361866 4.4468074
2.598404 -0.05796814 0.8725281 -4.75434 0.019396335 5.4308023
1.560791 1.9967041 1.2376709 -7.639009 -1.319163 10.549256
-0.07170105 2.2110138 0.5333557 -9.022845 -1.7270602 10.279233
-0.12376404 2.0611877 0.03970337 -9.707928 -1.9995136 7.057062
0.6161041 1.5039368 0.07627869 -8.999 0.06580112 6.541552
0.69966125 1.8610077 -0.12437439 -9.211436 1.0548984 7.1281114
-0.03366089 1.8401489 -2.366867 -8.989842 1.8723046 6.7238293
-0.52737427 1.6935883 -2.7020874 -6.4398074 0.7567133 5.89437
-0.49925232 1.5095825 -2.5832214 -3.294347 0.8121336 3.8672643
-0.322052 1.1003265 -2.512085 -0.75821394 1.9592847 2.5179582
-0.27560425 0.983963 -2.3593903 0.15087207 2.1692364 1.879592
-0.22187805 0.6419525 -1.7943115 1.6628104 1.225898 0.010149839
-0.31474304 0.5212097 -1.8495941 1.8473525 0.12882084 -0.5012759
-0.3708496 0.5093689 -1.8279877 2.4863837 -1.0043172 -1.6133022
-0.4195404 0.57901 -1.7398224 2.4863837 -1.0043172 -1.6133022
-0.33854675 0.64505005 -1.5734558 2.9472682 -1.4235989 -2.309768
0.8897095 0.5228729 -0.72239685 4.794672 -1.8163717 -5.4252725
1.365097 0.22880554 -0.20753479 5.3787675 -2.8366911 -6.121276
1.4218597 0.046173096 -0.001953125 5.3787675 -2.8366911 -6.121276
1.3417511 -0.17541504 -0.029067993 3.2515576 -4.80198 -5.563297
1.6531372 -0.37686157 -0.33787537 1.6645918 -5.245504 -5.106402
1.6000671 -0.79330444 -0.45854187 0.7599578 -1.1905872 -1.3469437
0.8479309 -0.39778137 -0.50579834 1.0611086 0.058768775 0.61423945
0.57333374 -0.2590027 -0.5532074 0.74482465 -0.031336617 0.8186781
0.33789062 -0.20143127 -0.6561737 0.5018221 -0.37778458 0.56183857
0.08192444 -0.2064209 -0.8633423 -0.10839465 0.24148639 -0.11090202
-0.0670166 -0.06750488 -1.0933838 0.10461456 0.8419118 -0.1792699
-0.18632507 0.031723022 -1.1459808 0.7126667 1.2225057 -0.55355453
-0.15156555 0.016723633 -1.1826019 1.0909903 0.6435542 -1.6249589
0.27183533 -0.09980774 -1.2221375 1.1118655 -0.054849934 -2.210886
1.1367493 -0.55815125 -0.8210449 0.82568884 -1.7308574 -1.7399065
1.0282135 -0.69525146 -0.57492065 0.76569825 -1.4481205 -0.9947349
0.6304016 -0.5530243 -0.49371338 0.45035118 -0.6101566 0.28894445
0.482193 -0.45664978 -0.5244293 -0.11400966 -0.09451079 0.54366785
0.38850403 -0.368515 -0.69599915 -0.35965857 -0.014837802 0.43021157
0.37324524 -0.35723877 -0.9008179 -0.5846592 -0.38620976 0.32976887
0.32014465 -0.29508972 -0.96546936 -0.589508 -0.45028356 0.36172172
0.28134155 -0.28533936 -1.0126953 -0.589508 -0.45028356 0.36172172
0.28134155 -0.28533936 -1.0126953 -0.5042328 -0.58512926 0.38056573
0.22077942 -0.27017212 -1.0070343 -0.30993974 -0.4695611 0.3397288
0.03956604 -0.22254944 -1.0437927 -0.08226718 0.13926974 0.24535756
0.074661255 -0.19752502 -1.0523071 -0.0039625173 0.18244065 -0.0521652
0.10745239 -0.2285614 -1.0539856 -0.0069937273 0.036874127 -0.17896469
0.20455933 -0.24404907 -1.04216 -0.14243332 -0.4355299 -0.3202129
0.32487488 -0.28948975 -1.0146637 -0.17565332 -0.6104732 -0.25790185
0.3474884 -0.32832336 -0.93281555 -0.04161589 -0.36717 0.06974047
0.31063843 -0.3217163 -0.92407227 -0.021004884 -0.13774455 0.33417425
0.2689209 -0.28341675 -0.91874695 -0.017773937 -0.05022349 0.396105
0.29328918 -0.25994873 -0.95729065 -0.017773937 -0.05022349 0.396105
0.4530487 -0.30093384 -1.0285492 0.015127021 0.13748169 0.34886506
0.35925293 -0.28826904 -0.9113922 0.080107085 -0.13336019 0.57915765
0.275589 -0.25228882 -0.9425659 0.058846273 -0.18836005 0.818423
0.275589 -0.25228882 -0.9425659 -0.026506443 -0.20555289 0.7920944
0.25338745 -0.25489807 -0.95506287 -0.031495873 -0.23186733 0.74068475
0.2315216 -0.23260498 -0.9625702 -0.021927403 -0.19418626 0.57010317
0.26057434 -0.26826477 -0.9719696 0.07368274 -0.24666545 0.426889
0.09437561 -0.23117065 -0.9516754 -0.090189815 -0.17940784 0.35213915
0.03816223 -0.2190857 -1.0187988 -0.023592677 0.07450753 0.2578113
0.0033416748 -0.21098328 -1.032898 0.11072545 0.10753711 0.19692798
-0.0012054443 -0.20159912 -1.039566 0.11072545 0.10753711 0.19692798
-0.006652832 -0.23370361 -1.0059052 0.1967855 -0.0018442391 0.0017164074
-0.008148193 -0.26535034 -0.9914398 0.19231698 -0.070402 -0.065335065
-0.03126526 -0.24012756 -1.0030518 0.22133611 0.11343894 -0.16797729
0.0067749023 -0.24311829 -1.0285492 0.23734331 0.18010639 -0.22820307
0.041030884 -0.2576294 -1.0183258 0.23515978 0.15413764 -0.3067309
0.10253906 -0.2820282 -1.0264893 0.3026648 0.2213971 -0.38068688
0.18598938 -0.31118774 -1.029129 0.33261338 0.2234315 -0.38991183
0.19761658 -0.31072998 -1.0269775 0.5061255 0.07542845 -0.28746027
0.13684082 -0.2926178 -0.99102783 0.5433935 0.027664384 -0.286158
0.14582825 -0.29203796 -0.9499512 0.597033 0.17038877 -0.34409133
0.2305603 -0.32014465 -0.8793335 0.5900313 0.33684593 -0.3475822
0.26171875 -0.3218994 -0.8877716 0.5900313 0.33684593 -0.3475822
0.26939392 -0.325531 -0.90509033 0.5450223 0.5693801 -0.3126474
0.28800964 -0.3514862 -0.86468506 0.6949316 0.73523194 -0.35843858
0.28800964 -0.3514862 -0.86468506 0.64410466 0.5156468 -0.37204227
0.30393982 -0.36114502 -0.8464966 0.4341573 0.09260237 -0.42174193
0.32881165 -0.38171387 -0.8197632 0.3043346 -0.10466756 -0.42704135
0.32595825 -0.39616394 -0.81359863 0.02069862 -0.38615596 -0.40006325
